time,queue_main,queue_right,queue_avg,queue_max,delay_route_1,delay_route_2,delay_route_3,delay_avg_1,delay_avg_2,delay_max,speed
1,0.00,0.00,0.00,0.00,0.00,0.00,0.00,0.00,0.00,0.00,60.00
3,0.00,0.00,0.00,0.00,0.00,0.00,0.00,0.00,0.00,0.00,60.00
5,0.00,0.00,0.00,0.00,0.00,0.00,0.00,0.00,0.00,0.00,55.90
7,0.00,0.00,0.00,0.00,0.00,0.00,0.00,0.00,0.00,0.00,57.73
9,0.00,0.00,0.00,0.00,0.00,0.00,0.00,0.00,0.00,0.00,57.59
11,0.00,0.00,0.00,0.00,0.00,0.00,0.00,0.00,0.00,0.00,54.58
13,0.00,0.00,0.00,0.00,0.00,0.00,0.00,0.00,0.00,0.00,38.81
15,0.00,0.00,0.00,0.00,0.00,0.00,0.00,0.00,0.00,0.00,37.96
17,0.00,0.00,0.00,0.00,0.00,1.56,0.00,0.52,0.52,1.56,41.49
19,0.00,0.00,0.00,0.00,0.00,2.27,0.00,0.76,0.76,2.27,52.33
21,0.00,0.00,0.00,0.00,0.00,0.00,0.00,0.00,0.00,0.00,57.22
23,0.00,0.00,0.00,0.00,0.00,0.00,0.00,0.00,0.00,0.00,58.48
25,0.00,0.00,0.00,0.00,0.00,0.00,0.00,0.00,0.00,0.00,40.18
27,0.00,0.00,0.00,0.00,0.00,0.00,0.00,0.00,0.00,0.00,19.30
29,0.00,0.00,0.00,0.00,0.00,0.96,0.00,0.32,0.32,0.96,3.95
31,3.58,0.00,1.79,3.58,0.00,2.96,0.00,0.99,0.99,2.96,0.00
33,5.10,0.00,2.55,5.10,0.00,4.96,0.00,1.65,1.65,4.96,0.00
35,5.09,0.00,2.55,5.09,0.00,6.96,0.00,2.32,2.32,6.96,0.00
37,5.09,0.00,2.55,5.09,0.00,8.96,0.00,2.99,2.99,8.96,0.00
39,5.09,0.00,2.55,5.09,0.00,10.96,0.00,3.65,3.65,10.96,0.00
41,5.09,0.00,2.55,5.09,0.00,12.96,0.00,4.32,4.32,12.96,0.00
43,5.09,0.00,2.55,5.09,0.00,14.96,0.00,4.99,4.99,14.96,22.50
45,5.09,0.00,2.55,5.09,0.00,16.96,0.00,5.65,5.65,16.96,35.94
47,5.09,0.00,2.55,5.09,0.00,18.96,0.00,6.32,6.32,18.96,41.34
49,5.09,0.00,2.55,5.09,0.00,20.96,0.00,6.99,6.99,20.96,37.88
51,5.09,0.00,2.55,5.09,0.00,22.96,0.00,7.65,7.65,22.96,35.32
53,5.09,0.00,2.55,5.09,0.00,24.96,0.00,8.32,8.32,24.96,27.53
55,5.00,0.00,2.50,5.00,0.80,26.96,0.00,9.25,9.25,26.96,32.14
57,0.22,0.00,0.11,0.22,2.80,28.96,0.00,10.59,10.59,28.96,36.97
59,0.00,0.00,0.00,0.00,4.80,2.77,0.00,2.52,2.52,4.80,38.61
61,0.00,0.00,0.00,0.00,0.00,4.77,0.00,1.59,1.59,4.77,46.43
63,0.00,0.00,0.00,0.00,0.00,0.00,0.25,0.08,0.08,0.25,62.75
65,0.00,0.00,0.00,0.00,0.00,0.00,0.00,0.00,0.00,0.00,62.30
67,0.00,0.00,0.00,0.00,0.00,0.00,0.00,0.00,0.00,0.00,41.42
69,0.00,0.00,0.00,0.00,0.00,0.00,0.00,0.00,0.00,0.00,20.88
71,0.00,0.00,0.00,0.00,0.00,0.49,0.00,0.16,0.16,0.49,5.00
73,3.32,0.00,1.66,3.32,0.00,2.49,0.00,0.83,0.83,2.49,0.00
75,5.58,0.00,2.79,5.58,0.00,4.49,0.00,1.50,1.50,4.49,0.00
77,5.55,0.00,2.78,5.55,0.00,6.49,0.00,2.16,2.16,6.49,15.87
79,5.55,0.00,2.78,5.55,0.00,8.49,0.00,2.83,2.83,8.49,21.73
81,5.55,0.00,2.78,5.55,0.00,10.49,0.00,3.50,3.50,10.49,26.97
83,5.55,0.00,2.78,5.55,0.00,12.49,0.00,4.16,4.16,12.49,29.20
85,5.55,0.00,2.78,5.55,0.00,14.49,0.00,4.83,4.83,14.49,26.95
87,5.55,0.00,2.78,5.55,0.00,16.49,0.00,5.50,5.50,16.49,22.94
89,5.55,0.00,2.78,5.55,0.00,18.49,0.00,6.16,6.16,18.49,26.31
91,5.91,0.00,2.95,5.91,0.00,20.49,0.00,6.83,6.83,20.49,27.81
93,12.02,0.00,6.01,12.02,0.00,22.49,0.00,7.50,7.50,22.49,28.65
95,11.83,0.00,5.91,11.83,0.00,24.49,0.00,8.16,8.16,24.49,24.71
97,11.83,0.00,5.91,11.83,0.00,26.49,0.00,8.83,8.83,26.49,24.93
99,11.83,0.00,5.91,11.83,0.00,28.49,0.00,9.50,9.50,28.49,25.89
101,16.37,0.00,8.18,16.37,1.98,30.49,1.03,11.16,11.16,30.49,22.54
103,18.97,1.14,10.05,18.97,3.98,32.49,3.03,13.16,13.16,32.49,20.01
105,18.96,5.05,12.00,18.96,5.98,34.49,5.03,15.16,15.16,34.49,21.06
107,18.91,0.66,9.79,18.91,7.98,36.49,7.03,17.16,17.16,36.49,23.22
109,7.14,0.00,3.57,7.14,9.98,20.08,0.00,10.02,10.02,20.08,22.82
111,0.00,0.00,0.00,0.00,11.98,0.00,1.71,4.56,4.56,11.98,60.00
113,0.00,0.00,0.00,0.00,1.90,0.00,0.00,0.63,0.63,1.90,60.00
115,0.00,0.00,0.00,0.00,0.00,0.00,0.00,0.00,0.00,0.00,60.00
117,0.00,0.00,0.00,0.00,0.00,0.00,0.00,0.00,0.00,0.00,60.00
119,0.00,0.00,0.00,0.00,0.00,0.00,0.00,0.00,0.00,0.00,60.00
121,0.00,0.00,0.00,0.00,0.00,0.00,0.00,0.00,0.00,0.00,60.00
123,0.00,0.00,0.00,0.00,0.00,0.00,0.00,0.00,0.00,0.00,60.00
125,0.00,0.00,0.00,0.00,0.00,0.00,0.00,0.00,0.00,0.00,60.00
127,0.00,0.00,0.00,0.00,0.00,0.00,0.00,0.00,0.00,0.00,60.00
129,0.00,0.00,0.00,0.00,0.00,0.00,0.00,0.00,0.00,0.00,60.00
131,0.00,0.00,0.00,0.00,0.00,0.00,0.00,0.00,0.00,0.00,60.00
133,0.00,0.00,0.00,0.00,0.00,0.00,0.00,0.00,0.00,0.00,42.53
135,0.00,0.00,0.00,0.00,0.00,0.00,0.00,0.00,0.00,0.00,52.90
137,0.00,0.00,0.00,0.00,0.00,0.00,0.00,0.00,0.00,0.00,62.12
139,0.00,0.00,0.00,0.00,0.00,0.00,0.00,0.00,0.00,0.00,55.85
141,0.00,0.00,0.00,0.00,0.00,0.00,0.00,0.00,0.00,0.00,40.98
143,0.00,0.00,0.00,0.00,0.00,0.00,0.00,0.00,0.00,0.00,21.74
145,0.00,0.00,0.00,0.00,0.00,0.00,0.00,0.00,0.00,0.00,6.14
147,2.06,0.00,1.03,2.06,1.78,0.00,0.00,0.59,0.59,1.78,0.23
149,4.68,0.00,2.34,4.68,3.78,0.00,0.00,1.26,1.26,3.78,0.00
151,4.64,0.00,2.32,4.64,5.78,0.00,0.00,1.93,1.93,5.78,0.00
153,4.64,0.00,2.32,4.64,7.78,0.00,0.00,2.59,2.59,7.78,0.00
155,4.64,0.00,2.32,4.64,9.78,0.00,0.00,3.26,3.26,9.78,20.25
157,4.64,0.00,2.32,4.64,11.78,0.00,0.00,3.93,3.93,11.78,33.41
159,4.64,0.00,2.32,4.64,13.78,0.00,0.00,4.59,4.59,13.78,43.41
161,4.64,0.00,2.32,4.64,15.78,0.00,0.00,5.26,5.26,15.78,45.28
163,4.64,0.00,2.32,4.64,17.78,0.00,0.00,5.93,5.93,17.78,44.93
165,3.25,0.00,1.62,3.25,19.78,0.00,0.00,6.59,6.59,19.78,44.58
167,0.00,0.00,0.00,0.00,21.78,1.36,0.00,7.71,7.71,21.78,32.93
169,1.47,0.00,0.74,1.47,0.00,3.36,1.37,1.57,1.57,3.36,26.93
171,8.47,4.34,6.40,8.47,0.00,5.36,3.37,2.91,2.91,5.36,24.88
173,11.78,5.09,8.44,11.78,0.00,7.36,5.37,4.24,4.24,7.36,20.72
175,11.75,9.11,10.43,11.75,0.04,9.36,7.37,5.59,5.59,9.36,20.24
177,8.98,11.96,10.47,11.96,2.04,11.36,9.37,7.59,7.59,11.36,18.01
179,0.00,11.94,5.97,11.94,4.04,9.86,11.37,8.42,8.42,11.37,18.73
181,0.00,11.94,5.97,11.94,6.04,0.00,13.37,6.47,6.47,13.37,10.94
183,0.00,11.94,5.97,11.94,0.71,0.00,15.37,5.36,5.36,15.37,3.87
185,0.75,11.94,6.34,11.94,2.11,0.00,17.37,6.49,6.49,17.37,9.28
187,4.36,11.94,8.15,11.94,4.11,0.00,19.37,7.83,7.83,19.37,12.16
189,4.23,11.94,8.09,11.94,6.11,0.00,21.37,9.16,9.16,21.37,14.95
191,4.23,11.94,8.09,11.94,8.11,0.00,23.37,10.49,10.49,23.37,15.71
193,4.23,11.94,8.09,11.94,10.11,0.00,25.37,11.83,11.83,25.37,10.60
195,4.23,11.94,8.09,11.94,12.11,0.00,27.37,13.16,13.16,27.37,9.02
197,4.23,11.58,7.91,11.58,14.11,0.00,29.37,14.49,14.49,29.37,3.64
199,4.23,8.81,6.52,8.81,16.11,0.00,25.23,13.78,13.78,25.23,14.15
201,4.23,0.00,2.12,4.23,18.11,0.00,27.23,15.11,15.11,27.23,20.92
203,4.23,0.00,2.12,4.23,20.11,0.00,6.90,9.01,9.01,20.11,25.75
205,2.75,0.00,1.37,2.75,22.11,0.00,0.00,7.37,7.37,22.11,57.74
207,0.00,0.00,0.00,0.00,0.00,0.00,0.00,0.00,0.00,0.00,54.85
209,0.00,0.00,0.00,0.00,0.00,0.00,0.00,0.00,0.00,0.00,50.94
211,0.00,0.00,0.00,0.00,0.00,0.42,0.00,0.14,0.14,0.42,44.47
213,0.29,0.00,0.14,0.29,0.00,2.42,0.00,0.81,0.81,2.42,39.73
215,4.97,0.00,2.48,4.97,0.00,4.42,0.00,1.47,1.47,4.42,47.76
217,0.41,0.00,0.21,0.41,0.00,6.42,0.00,2.14,2.14,6.42,31.11
219,0.00,0.00,0.00,0.00,0.00,0.00,0.55,0.18,0.18,0.55,26.47
221,0.00,3.68,1.84,3.68,0.00,0.00,2.55,0.85,0.85,2.55,32.60
223,0.00,5.31,2.65,5.31,0.73,0.00,4.55,1.76,1.76,4.55,32.33
225,0.00,5.30,2.65,5.30,0.00,0.00,6.55,2.18,2.18,6.55,34.61
227,0.00,5.30,2.65,5.30,0.00,0.00,8.55,2.85,2.85,8.55,34.14
229,0.00,5.30,2.65,5.30,0.00,0.00,10.55,3.52,3.52,10.55,23.77
231,0.00,5.30,2.65,5.30,0.00,0.00,12.55,4.18,4.18,12.55,8.20
233,0.00,5.30,2.65,5.30,1.92,0.00,14.55,5.49,5.49,14.55,1.21
235,0.00,10.77,5.38,10.77,0.00,0.00,16.55,5.52,5.52,16.55,0.00
237,0.00,11.84,5.92,11.84,0.00,0.00,18.55,6.18,6.18,18.55,12.04
239,0.00,11.83,5.92,11.83,0.00,0.00,20.55,6.85,6.85,20.55,23.18
241,0.00,11.83,5.92,11.83,0.00,0.00,22.55,7.52,7.52,22.55,31.07
243,0.00,11.83,5.92,11.83,0.00,0.00,24.55,8.18,8.18,24.55,34.92
245,0.00,11.83,5.92,11.83,0.00,0.00,26.55,8.85,8.85,26.55,41.08
247,0.00,11.28,5.64,11.28,0.00,0.00,28.55,9.52,9.52,28.55,40.25
249,0.00,9.43,4.72,9.43,0.00,0.00,18.00,6.00,6.00,18.00,32.86
251,0.00,3.82,1.91,3.82,1.56,0.46,20.00,7.34,7.34,20.00,44.01
253,0.00,0.00,0.00,0.00,0.00,2.46,0.84,1.10,1.10,2.46,53.75
255,0.00,0.00,0.00,0.00,0.00,0.00,0.00,0.00,0.00,0.00,48.11
257,0.00,0.00,0.00,0.00,0.00,0.00,0.00,0.00,0.00,0.00,39.93
259,0.00,0.00,0.00,0.00,0.00,0.00,1.35,0.45,0.45,1.35,39.11
261,0.00,4.49,2.25,4.49,0.00,0.00,3.35,1.12,1.12,3.35,38.74
263,0.00,4.74,2.37,4.74,0.00,0.00,5.35,1.78,1.78,5.35,38.94
265,0.00,4.74,2.37,4.74,0.35,0.00,7.35,2.57,2.57,7.35,42.09
267,0.00,4.74,2.37,4.74,0.00,0.00,9.35,3.12,3.12,9.35,38.64
269,0.00,4.74,2.37,4.74,0.00,0.39,11.35,3.91,3.91,11.35,29.59
271,0.00,4.74,2.37,4.74,0.00,1.06,13.35,4.80,4.80,13.35,0.00
273,0.00,4.74,2.37,4.74,0.00,0.00,15.35,5.12,5.12,15.35,0.00
275,0.00,4.74,2.37,4.74,0.00,0.00,17.35,5.78,5.78,17.35,0.00
277,0.00,4.74,2.37,4.74,0.00,0.00,19.35,6.45,6.45,19.35,0.00
279,0.00,4.74,2.37,4.74,0.00,0.00,21.35,7.12,7.12,21.35,20.01
281,0.00,4.74,2.37,4.74,0.00,0.00,23.35,7.78,7.78,23.35,33.06
283,0.00,4.74,2.37,4.74,0.00,0.00,25.35,8.45,8.45,25.35,42.93
285,0.00,4.74,2.37,4.74,0.00,0.00,27.35,9.12,9.12,27.35,45.50
287,0.00,4.74,2.37,4.74,0.00,0.00,29.35,9.78,9.78,29.35,44.42
289,0.00,4.74,2.37,4.74,0.00,0.00,31.35,10.45,10.45,31.35,41.33
291,0.00,4.74,2.37,4.74,0.00,0.00,33.35,11.12,11.12,33.35,37.24
293,0.00,4.74,2.37,4.74,1.46,1.53,35.35,12.78,12.78,35.35,27.33
295,2.99,4.74,3.86,4.74,0.45,3.53,37.35,13.78,13.78,37.35,29.95
297,0.49,4.74,2.62,4.74,2.45,5.53,39.35,15.78,15.78,39.35,27.76
299,0.00,4.74,2.37,4.74,4.45,5.21,41.35,17.00,17.00,41.35,24.75
301,0.00,4.74,2.37,4.74,0.00,7.21,43.35,16.85,16.85,43.35,23.41
303,0.00,4.74,2.37,4.74,1.73,5.75,45.35,17.61,17.61,45.35,22.89
305,0.00,4.74,2.37,4.74,3.73,3.80,47.35,18.29,18.29,47.35,23.80
307,0.00,4.74,2.37,4.74,5.73,5.80,49.35,20.29,20.29,49.35,27.30
309,0.00,4.74,2.37,4.74,0.15,7.80,51.35,19.76,19.76,51.35,19.94
311,0.00,4.74,2.37,4.74,2.15,5.27,53.35,20.26,20.26,53.35,12.12
313,0.00,4.74,2.37,4.74,4.15,4.71,55.35,21.40,21.40,55.35,0.48
315,4.98,4.74,4.86,4.98,0.00,6.71,57.35,21.35,21.35,57.35,0.00
317,4.81,4.74,4.77,4.81,0.00,8.71,59.35,22.69,22.69,59.35,21.99
319,4.81,4.74,4.77,4.81,0.00,10.71,61.35,24.02,24.02,61.35,26.56
321,4.81,4.74,4.77,4.81,0.00,12.71,63.35,25.35,25.35,63.35,34.36
323,4.81,4.74,4.77,4.81,0.00,14.71,65.35,26.69,26.69,65.35,33.69
325,4.81,4.74,4.77,4.81,0.00,16.71,67.35,28.02,28.02,67.35,27.32
327,4.81,4.74,4.77,4.81,0.00,18.71,69.35,29.35,29.35,69.35,19.45
329,4.81,4.74,4.77,4.81,0.39,20.71,71.35,30.82,30.82,71.35,9.65
331,12.80,4.74,8.77,12.80,2.39,22.71,73.35,32.82,32.82,73.35,10.63
333,17.29,4.74,11.01,17.29,4.39,24.71,75.35,34.82,34.82,75.35,9.76
335,17.23,9.12,13.18,17.23,6.39,26.71,77.35,36.82,36.82,77.35,16.49
337,17.23,10.62,13.93,17.23,8.39,28.71,79.35,38.82,38.82,79.35,20.80
339,17.23,10.61,13.92,17.23,10.39,30.71,81.35,40.82,40.82,81.35,22.16
341,17.23,10.61,13.92,17.23,12.39,32.71,83.35,42.82,42.82,83.35,18.30
343,18.01,10.61,14.31,18.01,14.39,34.71,85.35,44.82,44.82,85.35,11.64
345,24.32,10.61,17.46,24.32,16.39,36.71,87.35,46.82,46.82,87.35,10.85
347,27.23,9.06,18.14,27.23,18.39,38.71,89.35,48.82,48.82,89.35,13.33
349,35.85,0.00,17.92,35.85,20.39,6.81,15.84,14.35,14.35,20.39,6.08
351,36.13,0.00,18.06,36.13,20.51,8.81,1.81,10.38,10.38,20.51,8.11
353,35.11,0.00,17.56,35.11,0.00,10.81,0.00,3.60,3.60,10.81,11.26
355,4.40,0.00,2.20,4.40,0.00,12.81,0.00,4.27,4.27,12.81,5.81
357,9.29,0.00,4.64,9.29,0.00,14.81,0.00,4.94,4.94,14.81,0.60
359,17.64,0.00,8.82,17.64,0.00,16.81,0.00,5.60,5.60,16.81,0.00
361,17.66,0.00,8.83,17.66,0.00,18.81,0.00,6.27,6.27,18.81,0.00
363,17.66,0.00,8.83,17.66,0.00,20.81,0.00,6.94,6.94,20.81,0.00
365,17.66,0.00,8.83,17.66,0.00,22.81,0.00,7.60,7.60,22.81,0.00
367,17.66,0.00,8.83,17.66,0.00,24.81,0.00,8.27,8.27,24.81,0.00
369,17.66,0.00,8.83,17.66,0.00,26.81,0.00,8.94,8.94,26.81,0.00
371,17.66,0.00,8.83,17.66,0.00,28.81,0.00,9.60,9.60,28.81,0.00
373,17.66,0.00,8.83,17.66,0.00,30.81,0.00,10.27,10.27,30.81,0.00
375,17.66,0.00,8.83,17.66,0.00,32.81,0.00,10.94,10.94,32.81,0.00
377,17.66,0.00,8.83,17.66,0.00,34.81,0.00,11.60,11.60,34.81,18.02
379,17.66,0.00,8.83,17.66,0.00,36.81,0.00,12.27,12.27,36.81,26.44
381,17.66,0.00,8.83,17.66,0.00,38.81,0.00,12.94,12.94,38.81,33.33
383,17.66,0.00,8.83,17.66,0.00,40.81,0.00,13.60,13.60,40.81,33.68
385,17.66,0.00,8.83,17.66,0.00,42.81,0.00,14.27,14.27,42.81,26.34
387,17.66,0.00,8.83,17.66,0.00,44.81,0.00,14.94,14.94,44.81,15.06
389,19.83,0.00,9.92,19.83,0.00,46.81,0.00,15.60,15.60,46.81,5.44
391,33.38,0.00,16.69,33.38,0.05,48.81,0.00,16.29,16.29,48.81,0.94
393,46.12,0.00,23.06,46.12,2.05,50.81,0.00,17.62,17.62,50.81,3.96
395,49.38,0.00,24.69,49.38,4.05,52.81,0.00,18.95,18.95,52.81,6.93
397,49.35,0.00,24.67,49.35,6.05,54.81,0.00,20.29,20.29,54.81,11.04
399,49.35,0.00,24.67,49.35,8.05,52.96,0.00,20.34,20.34,52.96,16.25
401,49.35,0.00,24.67,49.35,10.05,54.21,0.00,21.42,21.42,54.21,25.61
403,49.22,0.00,24.61,49.22,12.05,16.96,0.00,9.67,9.67,16.96,25.76
405,46.75,0.00,23.37,46.75,14.05,16.30,0.78,10.38,10.38,16.30,23.56
407,27.15,0.85,14.00,27.15,16.05,18.30,2.78,12.38,12.38,18.30,23.97
409,14.74,5.08,9.91,14.74,18.05,20.30,4.78,14.38,14.38,20.30,17.47
411,20.87,4.94,12.91,20.87,20.05,22.30,6.78,16.38,16.38,22.30,9.95
413,26.25,4.94,15.60,26.25,22.05,24.30,8.78,18.38,18.38,24.30,4.54
415,35.10,4.89,20.00,35.10,24.05,26.30,10.78,20.38,20.38,26.30,2.02
417,36.16,1.07,18.62,36.16,26.05,28.30,12.78,22.38,22.38,28.30,0.29
419,42.58,0.00,21.29,42.58,28.05,30.30,0.00,19.45,19.45,30.30,5.80
421,42.98,0.00,21.49,42.98,30.05,32.30,0.00,20.79,20.79,32.30,7.14
423,42.98,0.00,21.49,42.98,32.05,34.30,0.00,22.12,22.12,34.30,11.85
425,42.98,0.00,21.49,42.98,34.05,36.30,0.00,23.45,23.45,36.30,10.08
427,42.98,0.00,21.49,42.98,36.05,38.30,0.00,24.79,24.79,38.30,6.10
429,43.67,0.00,21.83,43.67,38.05,40.30,0.00,26.12,26.12,40.30,7.54
431,49.26,0.00,24.63,49.26,40.05,42.30,0.00,27.45,27.45,42.30,6.51
433,51.31,0.00,25.65,51.31,42.05,44.30,0.00,28.79,28.79,44.30,4.40
435,54.87,0.00,27.43,54.87,44.05,46.30,0.00,30.12,30.12,46.30,2.87
437,54.81,0.00,27.40,54.81,46.05,48.30,0.00,31.45,31.45,48.30,3.63
439,58.24,0.00,29.12,58.24,48.05,48.17,0.00,32.07,32.07,48.17,8.28
441,60.61,0.00,30.30,60.61,10.77,50.17,1.75,20.90,20.90,50.17,14.28
443,60.59,0.00,30.29,60.59,12.77,51.96,3.75,22.83,22.83,51.96,16.71
445,60.59,0.00,30.29,60.59,14.77,33.89,5.75,18.14,18.14,33.89,20.67
447,51.17,0.00,25.59,51.17,16.77,34.49,7.75,19.67,19.67,34.49,27.86
449,0.00,0.00,0.00,0.00,18.77,32.87,9.75,20.46,20.46,32.87,31.69
451,0.00,0.00,0.00,0.00,20.77,16.73,11.75,16.42,16.42,20.77,31.42
453,0.00,0.00,0.00,0.00,22.77,18.73,13.75,18.42,18.42,22.77,24.12
455,1.99,0.00,1.00,1.99,3.77,20.73,15.75,13.41,13.41,20.73,14.50
457,10.95,4.44,7.69,10.95,5.77,22.73,17.75,15.41,15.41,22.73,12.29
459,17.89,4.71,11.30,17.89,7.77,24.73,19.75,17.41,17.41,24.73,19.99
461,17.71,4.71,11.21,17.71,9.77,26.73,21.75,19.41,19.41,26.73,17.19
463,17.71,4.71,11.21,17.71,11.77,28.73,23.75,21.41,21.41,28.73,12.36
465,17.71,4.71,11.21,17.71,13.77,30.73,25.75,23.41,23.41,30.73,6.48
467,17.71,9.83,13.77,17.71,15.77,32.73,27.75,25.41,25.41,32.73,2.79
469,17.71,11.22,14.47,17.71,17.77,34.73,29.75,27.41,27.41,34.73,0.51
471,17.71,16.09,16.90,17.71,19.77,36.73,31.75,29.41,29.41,36.73,0.00
473,17.71,17.35,17.53,17.71,21.77,38.73,33.75,31.41,31.41,38.73,0.00
475,17.71,17.35,17.53,17.71,23.77,40.73,35.75,33.41,33.41,40.73,0.00
477,17.71,17.35,17.53,17.71,25.77,42.73,37.75,35.41,35.41,42.73,0.00
479,17.71,17.35,17.53,17.71,27.77,44.73,39.75,37.41,37.41,44.73,0.00
481,17.71,17.35,17.53,17.71,29.77,46.73,41.75,39.41,39.41,46.73,6.07
483,17.71,17.35,17.53,17.71,31.77,48.73,43.75,41.41,41.41,48.73,12.91
485,17.71,17.35,17.53,17.71,33.77,50.73,45.75,43.41,43.41,50.73,22.58
487,17.71,17.28,17.50,17.71,35.77,52.73,47.75,45.41,45.41,52.73,21.65
489,17.71,15.58,16.64,17.71,37.77,54.73,24.75,39.08,39.08,54.73,18.70
491,17.71,2.05,9.88,17.71,39.77,56.73,21.38,39.29,39.29,56.73,15.08
493,19.84,0.00,9.92,19.84,41.77,58.73,23.38,41.29,41.29,58.73,10.22
495,29.61,0.00,14.80,29.61,43.77,60.73,0.00,34.83,34.83,60.73,11.13
497,37.16,0.00,18.58,37.16,45.77,62.73,0.00,36.17,36.17,62.73,13.68
499,37.21,0.00,18.61,37.21,47.77,8.57,0.00,18.78,18.78,47.77,17.28
501,36.87,0.00,18.44,36.87,48.81,10.57,0.00,19.79,19.79,48.81,17.75
503,10.49,0.00,5.24,10.49,6.00,12.57,1.57,6.72,6.72,12.57,19.00
505,0.32,4.72,2.52,4.72,8.00,12.35,3.57,7.97,7.97,12.35,16.45
507,6.77,4.71,5.74,6.77,10.00,14.35,5.57,9.97,9.97,14.35,24.32
509,11.93,4.71,8.32,11.93,12.00,16.35,7.57,11.97,11.97,16.35,23.90
511,11.78,4.71,8.24,11.78,14.00,18.35,9.57,13.97,13.97,18.35,19.50
513,11.78,4.71,8.24,11.78,16.00,20.35,11.57,15.97,15.97,20.35,11.96
515,11.78,4.71,8.24,11.78,18.00,22.35,13.57,17.97,17.97,22.35,5.29
517,11.78,9.14,10.46,11.78,20.00,24.35,15.57,19.97,19.97,24.35,1.42
519,14.36,10.66,12.51,14.36,22.00,26.35,17.57,21.97,21.97,26.35,0.09
521,18.62,10.65,14.64,18.62,24.00,28.35,19.57,23.97,23.97,28.35,0.00
523,18.56,10.65,14.60,18.56,26.00,30.35,21.57,25.97,25.97,30.35,7.33
525,18.56,10.65,14.60,18.56,28.00,32.35,23.57,27.97,27.97,32.35,12.86
527,18.45,10.15,14.30,18.45,30.00,34.35,25.57,29.97,29.97,34.35,26.79
529,4.32,1.72,3.02,4.32,32.00,0.00,13.56,15.19,15.19,32.00,38.07
531,0.00,0.00,0.00,0.00,12.53,0.00,15.56,9.36,9.36,15.56,48.26
533,0.00,0.00,0.00,0.00,0.00,0.00,0.00,0.00,0.00,0.00,48.29
535,0.00,0.00,0.00,0.00,1.78,0.00,0.00,0.59,0.59,1.78,44.00
537,0.00,0.00,0.00,0.00,3.78,0.00,0.00,1.26,1.26,3.78,29.35
539,3.60,0.00,1.80,3.60,5.78,0.00,0.25,2.01,2.01,5.78,15.76
541,0.00,0.00,0.00,0.00,7.78,0.00,2.25,3.34,3.34,7.78,5.32
543,0.00,4.43,2.21,4.43,9.78,0.00,4.25,4.68,4.68,9.78,0.66
545,10.00,4.64,7.32,10.00,11.78,0.00,6.25,6.01,6.01,11.78,2.54
547,7.72,4.64,6.18,7.72,3.98,0.00,8.25,4.08,4.08,8.25,0.00
549,0.00,4.64,2.32,4.64,5.98,0.00,10.25,5.41,5.41,10.25,19.15
551,0.00,4.64,2.32,4.64,0.00,0.00,12.25,4.08,4.08,12.25,34.10
553,0.00,4.64,2.32,4.64,0.00,0.00,14.25,4.75,4.75,14.25,41.72
555,0.00,4.64,2.32,4.64,0.00,0.00,16.25,5.42,5.42,16.25,46.12
557,0.00,4.64,2.32,4.64,0.00,0.00,18.25,6.08,6.08,18.25,45.68
559,0.00,4.64,2.32,4.64,0.00,0.00,20.25,6.75,6.75,20.25,39.02
561,0.00,4.64,2.32,4.64,0.45,0.13,22.25,7.61,7.61,22.25,29.14
563,0.52,4.64,2.58,4.64,2.45,2.13,24.25,9.61,9.61,24.25,21.51
565,10.14,6.34,8.24,10.14,4.45,4.13,26.25,11.61,11.61,26.25,16.95
567,8.99,10.92,9.95,10.92,0.00,6.13,28.25,11.46,11.46,28.25,11.83
569,0.00,16.47,8.23,16.47,0.00,8.13,30.25,12.79,12.79,30.25,4.43
571,0.00,26.88,13.44,26.88,0.00,4.89,32.25,12.38,12.38,32.25,0.00
573,0.00,28.72,14.36,28.72,0.00,5.39,34.25,13.21,13.21,34.25,0.00
575,0.00,28.71,14.36,28.71,0.00,0.00,36.25,12.08,12.08,36.25,0.60
577,0.00,28.71,14.36,28.71,0.00,0.00,38.25,12.75,12.75,38.25,8.56
579,0.00,28.35,14.17,28.35,0.00,0.00,17.14,5.71,5.71,17.14,16.48
581,0.00,2.69,1.34,2.69,0.00,0.00,15.98,5.33,5.33,15.98,18.76
583,0.00,0.00,0.00,0.00,0.00,0.00,13.59,4.53,4.53,13.59,8.49
585,0.00,1.66,0.83,1.66,0.00,0.00,15.59,5.20,5.20,15.59,0.48
587,0.00,4.97,2.49,4.97,0.00,0.00,17.59,5.86,5.86,17.59,0.00
589,0.00,4.90,2.45,4.90,0.00,0.00,19.59,6.53,6.53,19.59,16.34
591,0.00,4.90,2.45,4.90,0.00,0.00,21.59,7.20,7.20,21.59,22.15
593,0.00,4.90,2.45,4.90,0.00,0.00,23.59,7.86,7.86,23.59,36.36
595,0.00,4.90,2.45,4.90,0.00,0.00,25.59,8.53,8.53,25.59,43.17
597,0.00,4.90,2.45,4.90,0.00,0.00,27.59,9.20,9.20,27.59,42.47
599,0.00,4.90,2.45,4.90,0.00,0.00,29.59,9.86,9.86,29.59,38.02
601,0.00,4.90,2.45,4.90,0.00,0.00,31.59,10.53,10.53,31.59,29.42
603,0.00,4.90,2.45,4.90,1.32,0.00,33.59,11.64,11.64,33.59,17.43
605,0.00,4.90,2.45,4.90,0.00,0.61,35.59,12.07,12.07,35.59,6.33
607,3.56,4.90,4.23,4.90,0.00,2.61,37.59,13.40,13.40,37.59,12.06
609,4.74,9.64,7.19,9.64,0.00,4.61,39.59,14.73,14.73,39.59,14.81
611,4.74,10.50,7.62,10.50,0.00,6.61,41.59,16.07,16.07,41.59,17.01
613,4.74,10.50,7.62,10.50,0.00,8.61,43.59,17.40,17.40,43.59,13.08
615,4.74,10.50,7.62,10.50,0.00,10.61,45.59,18.73,18.73,45.59,7.95
617,4.74,10.50,7.62,10.50,0.00,12.61,47.59,20.07,20.07,47.59,3.35
619,4.74,10.50,7.62,10.50,0.00,14.61,49.59,21.40,21.40,49.59,7.48
621,11.52,10.50,11.01,11.52,0.00,16.61,51.59,22.73,22.73,51.59,14.92
623,12.00,10.50,11.25,12.00,0.00,18.61,53.59,24.07,24.07,53.59,17.46
625,12.00,10.50,11.25,12.00,0.00,20.61,55.59,25.40,25.40,55.59,24.36
627,12.00,10.50,11.25,12.00,0.00,22.61,57.59,26.73,26.73,57.59,27.13
629,12.00,10.50,11.25,12.00,0.00,24.61,59.59,28.07,28.07,59.59,28.11
631,12.00,10.50,11.25,12.00,0.00,26.61,61.59,29.40,29.40,61.59,20.99
633,15.69,10.50,13.10,15.69,0.53,28.61,63.59,30.91,30.91,63.59,14.80
635,24.54,10.50,17.52,24.54,2.53,30.61,65.59,32.91,32.91,65.59,11.48
637,31.08,10.50,20.79,31.08,4.53,32.61,67.59,34.91,34.91,67.59,8.39
639,37.73,10.50,24.12,37.73,6.53,22.38,69.59,32.83,32.83,69.59,8.13
641,37.61,11.95,24.78,37.61,8.53,11.41,71.59,30.51,30.51,71.59,8.93
643,41.41,17.13,29.27,41.41,10.53,5.43,73.59,29.85,29.85,73.59,11.11
645,2.00,17.02,9.51,17.02,9.13,7.43,75.59,30.72,30.72,75.59,7.89
647,0.00,17.02,8.51,17.02,0.00,9.43,77.59,29.01,29.01,77.59,2.09
649,7.01,17.02,12.02,17.02,0.00,11.43,79.59,30.34,30.34,79.59,6.74
651,11.79,17.02,14.41,17.02,0.00,13.43,81.59,31.67,31.67,81.59,14.74
653,11.72,17.02,14.37,17.02,0.00,15.43,83.59,33.01,33.01,83.59,17.37
655,11.72,17.02,14.37,17.02,0.00,17.43,85.59,34.34,34.34,85.59,19.35
657,11.72,16.95,14.33,16.95,0.00,19.43,87.59,35.67,35.67,87.59,20.98
659,11.72,15.84,13.78,15.84,0.00,21.43,51.46,24.30,24.30,51.46,23.31
661,11.72,2.10,6.91,11.72,0.00,23.43,53.46,25.63,25.63,53.46,20.10
663,11.72,0.27,5.99,11.72,0.00,25.43,23.68,16.37,16.37,25.43,21.90
665,18.27,4.78,11.52,18.27,0.00,27.43,5.39,10.94,10.94,27.43,23.26
667,18.00,4.64,11.32,18.00,0.00,29.43,7.39,12.27,12.27,29.43,17.86
669,18.00,4.64,11.32,18.00,0.00,31.43,9.39,13.60,13.60,31.43,11.29
671,18.00,6.08,12.04,18.00,0.00,33.43,11.39,14.94,14.94,33.43,11.95
673,18.00,16.95,17.48,18.00,0.00,35.43,13.39,16.27,16.27,35.43,9.56
675,18.64,18.44,18.54,18.64,0.00,37.43,15.39,17.60,17.60,37.43,16.47
677,23.66,18.44,21.05,23.66,0.00,39.43,17.39,18.94,18.94,39.43,18.71
679,23.47,18.44,20.96,23.47,0.00,41.43,19.39,20.27,20.27,41.43,19.61
681,24.14,18.44,21.29,24.14,0.00,43.43,21.39,21.60,21.60,43.43,21.07
683,29.52,18.44,23.98,29.52,0.00,45.43,23.39,22.94,22.94,45.43,17.20
685,29.35,18.44,23.89,29.35,0.00,47.43,25.39,24.27,24.27,47.43,13.39
687,31.62,22.90,27.26,31.62,0.00,49.43,27.39,25.60,25.60,49.43,10.69
689,40.02,24.48,32.25,40.02,0.85,49.30,29.39,26.51,26.51,49.30,7.25
691,43.17,24.48,33.83,43.17,2.85,29.78,31.39,21.34,21.34,31.39,8.64
693,45.36,29.90,37.63,45.36,4.85,18.48,33.39,18.91,18.91,33.39,9.34
695,45.95,30.58,38.26,45.95,6.85,14.13,35.39,18.79,18.79,35.39,9.25
697,31.62,33.60,32.61,33.60,8.85,16.13,37.39,20.79,20.79,37.39,9.97
699,13.31,36.84,25.08,36.84,10.85,18.13,30.46,19.81,19.81,30.46,15.36
701,19.42,36.50,27.96,36.50,12.85,20.13,31.66,21.55,21.55,31.66,17.45
703,25.28,5.25,15.27,25.28,14.85,22.13,17.55,18.18,18.18,22.13,12.79
705,27.90,0.00,13.95,27.90,16.85,24.13,15.24,18.74,18.74,24.13,6.57
707,31.64,5.78,18.71,31.64,18.85,26.13,17.24,20.74,20.74,26.13,2.76
709,31.59,11.16,21.38,31.59,20.85,28.13,19.24,22.74,22.74,28.13,0.66
711,34.90,11.01,22.95,34.90,22.85,30.13,21.24,24.74,24.74,30.13,0.00
713,37.75,11.01,24.38,37.75,24.85,32.13,23.24,26.74,26.74,32.13,0.00
715,37.73,11.01,24.37,37.73,26.85,34.13,25.24,28.74,28.74,34.13,0.00
717,37.73,11.01,24.37,37.73,28.85,36.13,27.24,30.74,30.74,36.13,4.34
719,37.73,11.01,24.37,37.73,30.85,38.13,29.24,32.74,32.74,38.13,5.55
721,37.73,11.01,24.37,37.73,32.85,40.13,31.24,34.74,34.74,40.13,6.44
723,37.73,11.01,24.37,37.73,34.85,42.13,33.24,36.74,36.74,42.13,4.89
725,37.73,11.01,24.37,37.73,36.85,44.13,35.24,38.74,38.74,44.13,4.21
727,37.73,10.65,24.19,37.73,38.85,46.13,37.24,40.74,40.74,46.13,4.31
729,40.99,8.27,24.63,40.99,40.85,38.06,36.52,38.48,38.48,40.85,10.81
731,44.55,0.00,22.28,44.55,41.56,40.06,38.52,40.05,40.05,41.56,17.94
733,43.64,0.00,21.82,43.64,30.68,42.06,0.00,24.25,24.25,42.06,25.00
735,18.83,0.00,9.41,18.83,32.68,7.71,0.00,13.46,13.46,32.68,33.45
737,0.00,0.00,0.00,0.00,24.75,9.71,0.00,11.49,11.49,24.75,39.75
739,0.00,0.00,0.00,0.00,26.75,11.71,0.00,12.82,12.82,26.75,49.49
741,0.00,0.00,0.00,0.00,0.00,13.71,0.00,4.57,4.57,13.71,53.57
743,0.00,0.00,0.00,0.00,0.00,1.10,0.00,0.37,0.37,1.10,52.06
745,0.00,0.00,0.00,0.00,1.12,3.10,0.00,1.41,1.41,3.10,45.38
747,0.00,0.00,0.00,0.00,3.12,1.24,0.00,1.45,1.45,3.12,40.70
749,0.00,0.00,0.00,0.00,0.00,3.24,1.21,1.48,1.48,3.24,28.58
751,4.41,1.91,3.16,4.41,0.00,5.24,3.21,2.81,2.81,5.24,16.64
753,7.17,4.91,6.04,7.17,0.00,7.24,5.21,4.15,4.15,7.24,7.23
755,11.34,4.78,8.06,11.34,0.00,9.24,7.21,5.48,5.48,9.24,3.37
757,13.34,0.00,6.67,13.34,0.00,11.24,9.21,6.81,6.81,11.24,10.59
759,17.60,0.00,8.80,17.60,0.00,13.24,7.52,6.92,6.92,13.24,20.96
761,17.52,0.00,8.76,17.52,0.00,15.24,0.00,5.08,5.08,15.24,21.33
763,17.52,0.00,8.76,17.52,0.00,17.24,0.00,5.75,5.75,17.24,24.01
765,17.52,0.00,8.76,17.52,0.00,19.24,0.00,6.41,6.41,19.24,28.33
767,17.48,0.00,8.74,17.48,0.00,21.24,0.00,7.08,7.08,21.24,34.98
769,7.36,0.00,3.68,7.36,0.48,19.62,0.00,6.70,6.70,19.62,29.99
771,0.00,0.00,0.00,0.00,2.48,16.33,0.41,6.41,6.41,16.33,28.05
773,0.00,2.44,1.22,2.44,4.48,0.00,2.41,2.30,2.30,4.48,26.35
775,0.00,5.60,2.80,5.60,0.00,0.00,4.41,1.47,1.47,4.41,19.38
777,0.00,5.56,2.78,5.56,0.00,0.00,6.41,2.14,2.14,6.41,12.41
779,0.00,8.77,4.39,8.77,0.00,0.00,8.41,2.80,2.80,8.41,0.62
781,0.00,17.63,8.82,17.63,1.41,0.00,10.41,3.94,3.94,10.41,0.00
783,0.00,17.40,8.70,17.40,0.00,0.00,12.41,4.14,4.14,12.41,0.00
785,0.00,17.40,8.70,17.40,0.00,0.00,14.41,4.80,4.80,14.41,0.00
787,0.00,17.40,8.70,17.40,0.00,0.00,16.41,5.47,5.47,16.41,0.00
789,0.00,17.40,8.70,17.40,0.00,0.00,18.41,6.14,6.14,18.41,0.00
791,0.00,17.40,8.70,17.40,0.00,0.00,20.41,6.80,6.80,20.41,0.00
793,0.00,17.40,8.70,17.40,0.00,0.00,22.41,7.47,7.47,22.41,0.00
795,0.00,17.40,8.70,17.40,0.00,0.00,24.41,8.14,8.14,24.41,3.60
797,0.00,15.99,7.99,15.99,0.00,0.00,26.41,8.80,8.80,26.41,16.57
799,0.00,0.00,0.00,0.00,0.00,0.00,24.56,8.19,8.19,24.56,60.00
801,0.00,0.00,0.00,0.00,0.00,0.00,0.00,0.00,0.00,0.00,60.00
803,0.00,0.00,0.00,0.00,0.00,0.00,0.00,0.00,0.00,0.00,60.00
805,0.00,0.00,0.00,0.00,0.00,0.00,0.00,0.00,0.00,0.00,39.72
807,0.00,0.00,0.00,0.00,0.00,0.00,0.00,0.00,0.00,0.00,50.88
809,0.00,0.00,0.00,0.00,0.00,0.00,0.00,0.00,0.00,0.00,55.85
811,0.00,0.00,0.00,0.00,0.00,0.00,0.00,0.00,0.00,0.00,56.17
813,0.00,0.00,0.00,0.00,0.00,0.00,0.00,0.00,0.00,0.00,53.21
815,0.00,0.00,0.00,0.00,0.00,0.00,0.00,0.00,0.00,0.00,49.99
817,0.00,0.00,0.00,0.00,0.00,0.00,0.00,0.00,0.00,0.00,50.02
819,0.00,0.00,0.00,0.00,1.27,0.00,0.00,0.42,0.42,1.27,42.09
821,0.00,0.00,0.00,0.00,0.00,0.73,0.00,0.24,0.24,0.73,37.23
823,4.99,0.00,2.50,4.99,0.00,2.73,0.00,0.91,0.91,2.73,27.25
825,6.97,0.00,3.48,6.97,0.62,4.73,0.00,1.78,1.78,4.73,18.41
827,16.40,0.00,8.20,16.40,2.62,6.73,0.00,3.12,3.12,6.73,11.08
829,20.03,0.00,10.01,20.03,4.62,8.73,0.00,4.45,4.45,8.73,5.25
831,24.29,0.00,12.15,24.29,6.62,10.73,0.22,5.86,5.86,10.73,1.51
833,24.23,1.81,13.02,24.23,8.62,12.73,2.22,7.86,7.86,12.73,0.08
835,24.23,5.53,14.88,24.23,10.62,14.73,4.22,9.86,9.86,14.73,8.15
837,24.23,5.47,14.85,24.23,12.62,16.73,6.22,11.86,11.86,16.73,13.87
839,20.22,5.47,12.84,20.22,14.62,0.00,8.22,7.61,7.61,14.62,16.19
841,0.00,5.47,2.73,5.47,15.57,0.00,10.22,8.60,8.60,15.57,15.82
843,0.00,5.47,2.73,5.47,13.55,0.00,12.22,8.59,8.59,13.55,17.93
845,0.00,5.47,2.73,5.47,15.55,0.00,14.22,9.92,9.92,15.55,23.35
847,0.00,5.47,2.73,5.47,0.00,1.04,16.22,5.75,5.75,16.22,26.05
849,0.00,5.47,2.73,5.47,0.00,3.04,18.22,7.09,7.09,18.22,27.34
851,0.00,5.47,2.73,5.47,0.00,5.04,20.22,8.42,8.42,20.22,27.52
853,2.49,5.47,3.98,5.47,0.00,7.04,22.22,9.75,9.75,22.22,29.40
855,5.06,5.47,5.26,5.47,0.00,9.04,24.22,11.09,11.09,24.22,28.41
857,5.02,5.47,5.25,5.47,0.00,11.04,26.22,12.42,12.42,26.22,18.98
859,5.02,5.47,5.25,5.47,0.00,13.04,28.22,13.75,13.75,28.22,8.42
861,5.02,5.47,5.25,5.47,0.00,15.04,30.22,15.09,15.09,30.22,1.45
863,16.16,5.47,10.81,16.16,0.00,17.04,32.22,16.42,16.42,32.22,8.48
865,18.29,5.47,11.88,18.29,0.00,19.04,34.22,17.75,17.75,34.22,10.50
867,18.27,5.47,11.87,18.27,0.00,21.04,36.22,19.09,19.09,36.22,12.30
869,18.27,5.47,11.87,18.27,0.00,23.04,38.22,20.42,20.42,38.22,19.67
871,18.27,5.47,11.87,18.27,0.00,25.04,40.22,21.75,21.75,40.22,21.73
873,18.27,5.47,11.87,18.27,0.00,27.04,42.22,23.09,23.09,42.22,23.64
875,18.27,5.41,11.84,18.27,0.00,29.04,44.22,24.42,24.42,44.22,22.68
877,18.27,4.24,11.25,18.27,0.00,31.04,46.22,25.75,25.75,46.22,16.63
879,18.27,9.15,13.71,18.27,0.00,33.04,5.77,12.94,12.94,33.04,13.18
881,24.10,1.54,12.82,24.10,0.00,35.04,7.77,14.27,14.27,35.04,9.44
883,27.09,0.00,13.54,27.09,1.49,37.04,0.00,12.84,12.84,37.04,10.56
885,31.97,0.00,15.99,31.97,3.49,39.04,0.29,14.27,14.27,39.04,11.54
887,31.88,2.46,17.17,31.88,5.49,41.04,2.29,16.27,16.27,41.04,15.61
889,31.86,5.02,18.44,31.86,7.49,30.17,4.29,13.98,13.98,30.17,24.47
891,27.74,4.99,16.37,27.74,9.49,31.21,6.29,15.66,15.66,31.21,24.81
893,0.00,4.99,2.50,4.99,11.49,0.00,8.29,6.59,6.59,11.49,17.81
895,2.49,4.99,3.74,4.99,13.49,0.00,10.29,7.93,7.93,13.49,20.78
897,11.51,9.92,10.71,11.51,15.49,0.00,12.29,9.26,9.26,15.49,27.21
899,11.28,11.65,11.46,11.65,17.49,0.00,14.29,10.59,10.59,17.49,29.00
901,11.28,11.64,11.46,11.64,19.49,1.03,16.29,12.27,12.27,19.49,24.84
903,14.97,11.64,13.30,14.97,21.49,3.03,18.29,14.27,14.27,21.49,18.12
905,17.56,11.64,14.60,17.56,23.49,5.03,20.29,16.27,16.27,23.49,15.95
907,20.36,8.95,14.65,20.36,25.49,7.03,22.29,18.27,18.27,25.49,12.70
909,29.98,0.00,14.99,29.98,24.66,9.03,14.35,16.01,16.01,24.66,5.44
911,34.45,0.00,17.22,34.45,26.66,11.03,0.97,12.88,12.88,26.66,17.83
913,36.64,0.00,18.32,36.64,6.42,13.03,0.00,6.48,6.48,13.03,33.93
915,14.17,0.00,7.08,14.17,8.42,0.00,0.00,2.81,2.81,8.42,43.51
917,0.00,0.00,0.00,0.00,8.88,0.00,0.00,2.96,2.96,8.88,48.31
919,0.00,0.00,0.00,0.00,8.82,0.00,0.00,2.94,2.94,8.82,49.29
921,0.00,0.00,0.00,0.00,0.00,0.00,0.00,0.00,0.00,0.00,37.68
923,0.00,0.00,0.00,0.00,0.00,0.00,0.00,0.00,0.00,0.00,27.31
925,0.00,3.06,1.53,3.06,0.00,0.00,1.34,0.45,0.45,1.34,21.07
927,0.00,12.07,6.04,12.07,1.59,0.00,3.34,1.64,1.64,3.34,15.16
929,2.25,11.82,7.04,11.82,3.59,0.67,5.34,3.20,3.20,5.34,12.09
931,3.05,11.82,7.43,11.82,5.59,2.67,7.34,5.20,5.20,7.34,12.00
933,10.67,11.82,11.24,11.82,7.59,4.67,9.34,7.20,7.20,9.34,10.27
935,10.57,11.82,11.19,11.82,9.59,6.67,11.34,9.20,9.20,11.34,8.21
937,10.57,11.17,10.87,11.17,11.59,8.67,13.34,11.20,11.20,13.34,6.47
939,11.56,0.47,6.02,11.56,13.59,10.67,15.73,13.33,13.33,15.73,0.29
941,16.58,0.00,8.29,16.58,15.59,12.67,0.00,9.42,9.42,15.59,0.00
943,16.44,0.00,8.22,16.44,17.59,14.67,0.00,10.75,10.75,17.59,0.00
945,16.44,0.00,8.22,16.44,19.59,16.67,0.00,12.08,12.08,19.59,12.06
947,16.39,0.00,8.19,16.39,0.00,18.67,0.00,6.22,6.22,18.67,26.61
949,6.12,0.00,3.06,6.12,0.00,20.67,0.00,6.89,6.89,20.67,35.71
951,0.00,0.00,0.00,0.00,0.00,14.50,0.00,4.83,4.83,14.50,56.06
953,0.00,0.00,0.00,0.00,0.00,0.00,0.00,0.00,0.00,0.00,52.77
955,0.00,0.00,0.00,0.00,0.00,0.00,0.00,0.00,0.00,0.00,40.47
957,0.00,0.00,0.00,0.00,0.00,0.00,0.00,0.00,0.00,0.00,23.41
959,0.00,0.00,0.00,0.00,0.15,0.00,0.00,0.05,0.05,0.15,6.88
961,1.28,0.00,0.64,1.28,2.15,0.00,0.00,0.72,0.72,2.15,60.00
963,0.00,0.00,0.00,0.00,4.15,0.00,0.00,1.38,1.38,4.15,60.00
965,0.00,0.00,0.00,0.00,0.00,0.00,0.00,0.00,0.00,0.00,41.85
967,0.00,0.00,0.00,0.00,0.00,0.00,0.00,0.00,0.00,0.00,52.46
969,0.00,0.00,0.00,0.00,0.00,0.00,0.00,0.00,0.00,0.00,61.85
971,0.00,0.00,0.00,0.00,0.00,0.00,0.00,0.00,0.00,0.00,61.71
973,0.00,0.00,0.00,0.00,0.00,0.00,0.00,0.00,0.00,0.00,48.82
975,0.00,0.00,0.00,0.00,0.00,0.00,0.00,0.00,0.00,0.00,37.39
977,0.00,0.00,0.00,0.00,0.00,0.00,1.78,0.59,0.59,1.78,32.73
979,0.00,3.15,1.57,3.15,0.00,0.00,3.78,1.26,1.26,3.78,37.59
981,0.00,4.84,2.42,4.84,0.00,0.00,5.78,1.93,1.93,5.78,32.66
983,0.00,4.83,2.41,4.83,0.00,0.00,7.78,2.59,2.59,7.78,26.59
985,0.00,4.83,2.41,4.83,0.00,1.04,9.78,3.61,3.61,9.78,18.65
987,3.57,4.83,4.20,4.83,0.00,3.04,11.78,4.94,4.94,11.78,11.68
989,4.45,4.83,4.64,4.83,0.00,5.04,13.78,6.27,6.27,13.78,5.46
991,4.45,4.83,4.64,4.83,0.00,7.04,15.78,7.61,7.61,15.78,1.03
993,9.86,4.83,7.35,9.86,1.29,9.04,17.78,9.37,9.37,17.78,0.00
995,11.29,4.77,8.03,11.29,3.29,11.04,19.78,11.37,11.37,19.78,23.86
997,8.60,0.43,4.52,8.60,5.29,13.04,21.78,13.37,13.37,21.78,51.94
999,0.00,0.00,0.00,0.00,7.29,,,,,,59.16
1001,0.00,0.00,0.00,0.00,,,,,,,57.67
1001,0.00,0.00,0.00,0.00,,,,,,,57.67
