time,queue_main,queue_right,queue_avg,queue_max,delay_route_1,delay_route_2,delay_route_3,delay_avg_1,delay_avg_2,delay_max,speed
1,0.00,0.00,0.00,0.00,0.00,0.00,0.00,0.00,0.00,0.00,60.00
3,0.00,0.00,0.00,0.00,0.00,0.00,0.00,0.00,0.00,0.00,60.00
5,0.00,0.00,0.00,0.00,0.00,0.00,0.00,0.00,0.00,0.00,60.00
7,0.00,0.00,0.00,0.00,0.00,0.00,0.00,0.00,0.00,0.00,60.00
9,0.00,0.00,0.00,0.00,0.00,0.00,0.00,0.00,0.00,0.00,60.00
11,0.00,0.00,0.00,0.00,0.00,0.00,0.00,0.00,0.00,0.00,60.00
13,0.00,0.00,0.00,0.00,0.00,0.00,0.00,0.00,0.00,0.00,60.00
15,0.00,0.00,0.00,0.00,0.00,0.00,0.00,0.00,0.00,0.00,60.00
17,0.00,0.00,0.00,0.00,0.00,0.00,0.00,0.00,0.00,0.00,60.00
19,0.00,0.00,0.00,0.00,0.00,0.00,0.00,0.00,0.00,0.00,60.00
21,0.00,0.00,0.00,0.00,0.00,0.00,0.00,0.00,0.00,0.00,60.00
23,0.00,0.00,0.00,0.00,0.00,0.00,0.00,0.00,0.00,0.00,60.00
25,0.00,0.00,0.00,0.00,0.00,0.00,0.00,0.00,0.00,0.00,60.00
27,0.00,0.00,0.00,0.00,0.00,0.00,0.00,0.00,0.00,0.00,60.00
29,0.00,0.00,0.00,0.00,0.00,0.00,0.00,0.00,0.00,0.00,49.94
31,0.00,0.00,0.00,0.00,0.00,0.00,0.00,0.00,0.00,0.00,55.14
33,0.00,0.00,0.00,0.00,0.00,0.00,0.00,0.00,0.00,0.00,54.84
35,0.00,0.00,0.00,0.00,0.00,0.00,0.00,0.00,0.00,0.00,57.53
37,0.00,0.00,0.00,0.00,0.00,0.00,0.00,0.00,0.00,0.00,49.35
39,0.00,0.00,0.00,0.00,0.00,0.00,0.00,0.00,0.00,0.00,37.49
41,0.00,0.00,0.00,0.00,0.00,0.00,1.29,0.43,0.18,1.29,26.86
43,0.00,5.61,2.80,5.61,1.67,0.00,3.29,1.65,1.18,3.29,20.22
45,0.00,5.65,2.82,5.65,0.26,0.00,5.29,1.85,0.87,5.29,14.34
47,0.00,5.65,2.82,5.65,2.26,0.00,7.29,3.18,2.01,7.29,0.00
49,0.00,5.65,2.82,5.65,0.00,0.00,9.29,3.10,1.33,9.29,0.00
51,0.00,5.65,2.82,5.65,0.00,0.00,11.29,3.76,1.61,11.29,0.00
53,0.00,5.65,2.82,5.65,0.00,0.00,13.29,4.43,1.90,13.29,0.00
55,0.00,5.65,2.82,5.65,0.00,0.00,15.29,5.10,2.18,15.29,0.00
57,0.00,5.65,2.82,5.65,0.00,0.00,17.29,5.76,2.47,17.29,0.00
59,0.00,5.65,2.82,5.65,0.00,0.00,19.29,6.43,2.76,19.29,22.00
61,0.00,5.65,2.82,5.65,0.00,0.00,21.29,7.10,3.04,21.29,34.62
63,0.00,5.65,2.82,5.65,0.00,0.00,23.29,7.76,3.33,23.29,41.55
65,0.00,5.59,2.79,5.59,0.00,0.00,25.29,8.43,3.61,25.29,58.22
67,0.00,1.24,0.62,1.24,0.00,0.00,27.29,9.10,3.90,27.29,51.82
69,0.00,0.00,0.00,0.00,0.00,0.00,0.00,0.00,0.00,0.00,45.38
71,0.00,0.00,0.00,0.00,0.00,0.00,0.00,0.00,0.00,0.00,44.90
73,0.00,0.00,0.00,0.00,1.89,0.00,0.00,0.63,0.81,1.89,44.47
75,0.00,0.00,0.00,0.00,0.00,0.45,0.28,0.24,0.23,0.45,38.48
77,0.00,0.00,0.00,0.00,0.00,2.45,2.28,1.58,1.38,2.45,23.90
79,0.00,0.00,0.00,0.00,0.00,0.00,1.27,0.42,0.18,1.27,40.66
81,0.00,0.00,0.00,0.00,0.00,0.00,0.00,0.00,0.00,0.00,47.06
83,0.00,0.00,0.00,0.00,0.00,0.00,0.00,0.00,0.00,0.00,47.28
85,0.00,0.00,0.00,0.00,0.00,0.00,0.00,0.00,0.00,0.00,43.40
87,0.00,0.00,0.00,0.00,0.00,0.00,0.00,0.00,0.00,0.00,44.57
89,0.00,0.00,0.00,0.00,0.00,0.00,0.00,0.00,0.00,0.00,40.11
91,0.00,0.00,0.00,0.00,0.62,0.00,0.93,0.52,0.40,0.93,37.18
93,0.00,3.85,1.92,3.85,2.62,0.00,2.93,1.85,1.54,2.93,34.43
95,0.00,5.06,2.53,5.06,4.62,0.06,4.93,3.21,2.71,4.93,44.20
97,0.00,0.22,0.11,0.22,0.00,2.06,6.93,3.00,1.87,6.93,46.19
99,0.00,0.00,0.00,0.00,0.00,4.06,1.08,1.72,1.90,4.06,46.50
101,0.00,0.00,0.00,0.00,0.24,0.00,0.00,0.08,0.10,0.24,40.48
103,0.00,0.00,0.00,0.00,2.24,0.00,0.00,0.75,0.96,2.24,39.85
105,0.00,0.00,0.00,0.00,2.69,0.64,0.00,1.11,1.43,2.69,35.79
107,0.00,0.00,0.00,0.00,4.69,2.64,0.00,2.44,3.14,4.69,28.35
109,2.73,0.00,1.37,2.73,0.00,4.64,0.00,1.55,1.99,4.64,27.48
111,12.41,0.00,6.21,12.41,0.00,6.64,0.00,2.21,2.84,6.64,28.28
113,12.18,0.00,6.09,12.18,0.91,8.64,0.00,3.18,4.09,8.64,24.45
115,14.44,0.00,7.22,14.44,2.91,10.64,0.00,4.51,5.80,10.64,24.87
117,21.14,0.00,10.57,21.14,4.91,12.64,0.00,5.85,7.52,12.64,24.95
119,24.53,0.00,12.26,24.53,6.91,12.53,0.00,6.48,8.33,12.53,26.99
121,7.95,0.00,3.98,7.95,8.91,4.85,0.00,4.59,5.90,8.91,24.64
123,0.00,0.94,0.47,0.94,0.00,6.85,1.78,2.88,3.19,6.85,3.99
125,6.89,5.67,6.28,6.89,0.00,8.85,3.78,4.21,4.33,8.85,0.08
127,11.99,5.54,8.76,11.99,0.00,10.85,5.78,5.55,5.48,10.85,0.00
129,11.94,5.54,8.74,11.94,0.00,12.85,7.78,6.88,6.62,12.85,0.00
131,11.94,5.54,8.74,11.94,0.00,14.85,9.78,8.21,7.76,14.85,9.52
133,11.94,5.54,8.74,11.94,0.00,16.85,11.78,9.55,8.91,16.85,16.73
135,11.94,5.54,8.74,11.94,0.00,18.85,13.78,10.88,10.05,18.85,21.08
137,11.94,5.54,8.74,11.94,0.00,20.85,15.78,12.21,11.19,20.85,21.16
139,11.94,5.54,8.74,11.94,0.00,22.85,17.78,13.55,12.33,22.85,17.89
141,11.94,5.54,8.74,11.94,0.00,24.85,19.78,14.88,13.48,24.85,10.16
143,11.94,5.54,8.74,11.94,0.00,26.85,21.78,16.21,14.62,26.85,12.05
145,18.49,5.54,12.02,18.49,1.26,28.85,23.78,17.96,16.30,28.85,18.78
147,22.35,5.54,13.94,22.35,3.26,30.85,25.78,19.96,18.30,30.85,21.08
149,22.84,5.54,14.19,22.84,5.26,28.33,27.78,20.46,18.36,28.33,27.23
151,5.34,5.54,5.44,5.54,7.26,10.08,29.78,15.71,11.68,29.78,29.41
153,0.00,5.54,2.77,5.54,9.26,0.10,31.78,13.71,8.55,31.78,15.92
155,5.98,5.54,5.76,5.98,11.26,2.10,33.78,15.71,10.55,33.78,7.98
157,9.06,5.54,7.30,9.06,0.00,4.10,35.78,13.29,6.87,35.78,2.39
159,11.63,5.54,8.58,11.63,1.68,6.10,37.78,15.19,8.73,37.78,10.17
161,15.86,5.54,10.70,15.86,3.68,8.10,39.78,17.19,10.73,39.78,16.85
163,15.80,5.54,10.67,15.80,5.68,10.10,41.78,19.19,12.73,41.78,19.07
165,15.80,5.45,10.63,15.80,7.68,12.10,43.78,21.19,14.73,43.78,26.72
167,15.77,0.47,8.12,15.77,9.68,14.10,45.78,23.19,16.73,45.78,35.25
169,5.21,0.00,2.60,5.21,11.68,16.10,0.00,9.26,11.90,16.10,40.68
171,0.00,0.00,0.00,0.00,13.68,0.00,0.00,4.56,5.86,13.68,48.39
173,0.00,0.00,0.00,0.00,2.48,0.00,0.00,0.83,1.06,2.48,44.11
175,0.00,0.00,0.00,0.00,0.00,0.00,0.00,0.00,0.00,0.00,36.30
177,0.00,0.00,0.00,0.00,0.00,0.00,0.22,0.07,0.03,0.22,31.18
179,0.00,7.68,3.84,7.68,0.00,0.00,2.22,0.74,0.32,2.22,25.88
181,0.00,18.21,9.10,18.21,1.37,0.00,4.22,1.86,1.19,4.22,24.95
183,0.00,18.05,9.02,18.05,3.37,0.00,6.22,3.20,2.33,6.22,22.19
185,3.61,18.05,10.83,18.05,5.37,0.00,8.22,4.53,3.48,8.22,23.72
187,4.08,18.05,11.06,18.05,7.37,0.00,10.22,5.86,4.62,10.22,22.89
189,9.72,18.05,13.88,18.05,9.37,0.00,12.22,7.20,5.76,12.22,19.94
191,10.42,18.05,14.23,18.05,11.37,0.00,14.22,8.53,6.90,14.22,17.41
193,11.51,18.05,14.78,18.05,13.37,0.00,16.22,9.86,8.05,16.22,14.09
195,17.12,19.95,18.54,19.95,15.37,0.00,18.22,11.20,9.19,18.22,13.71
197,16.96,23.81,20.39,23.81,12.48,0.00,20.22,10.90,8.24,20.22,16.02
199,6.50,28.41,17.45,28.41,14.48,0.00,21.27,11.92,9.24,21.27,21.21
201,0.00,16.23,8.12,16.23,10.55,0.00,23.27,11.27,7.85,23.27,25.76
203,0.00,0.00,0.00,0.00,6.74,0.00,10.51,5.75,4.39,10.51,32.49
205,0.00,0.00,0.00,0.00,2.94,0.00,9.31,4.08,2.59,9.31,36.06
207,0.00,5.48,2.74,5.48,4.94,0.00,11.31,5.42,3.73,11.31,36.92
209,2.17,5.46,3.81,5.46,6.94,0.00,13.31,6.75,4.88,13.31,38.79
211,4.98,5.46,5.22,5.46,8.94,0.00,15.31,8.08,6.02,15.31,33.43
213,4.94,5.46,5.20,5.46,10.94,0.00,17.31,9.42,7.16,17.31,22.11
215,4.17,5.46,4.82,5.46,12.94,0.90,19.31,11.05,8.69,19.31,19.93
217,0.00,5.46,2.73,5.46,4.00,2.90,21.31,9.40,6.00,21.31,16.90
219,0.00,5.46,2.73,5.46,6.00,4.90,23.31,11.40,8.00,23.31,19.25
221,0.00,5.46,2.73,5.46,5.29,6.90,25.31,12.50,8.84,25.31,22.98
223,0.00,5.46,2.73,5.46,7.29,0.00,27.31,11.53,7.02,27.31,23.42
225,6.21,5.46,5.83,6.21,9.29,0.00,29.31,12.86,8.17,29.31,24.62
227,11.69,5.46,8.58,11.69,11.29,0.00,31.31,14.20,9.31,31.31,22.93
229,13.43,5.46,9.45,13.43,13.29,0.00,33.31,15.53,10.45,33.31,21.33
231,18.46,5.46,11.96,18.46,15.29,0.00,35.31,16.86,11.60,35.31,17.56
233,18.39,6.45,12.42,18.39,17.29,0.00,37.31,18.20,12.74,37.31,14.52
235,20.18,11.48,15.83,20.18,19.29,0.00,39.31,19.53,13.88,39.31,16.79
237,24.98,7.08,16.03,24.98,17.02,0.00,41.31,19.44,13.20,41.31,19.29
239,30.22,0.00,15.11,30.22,19.02,1.63,6.65,9.10,9.80,19.02,21.58
241,19.49,0.00,9.74,19.49,14.66,3.63,0.00,6.10,7.84,14.66,25.13
243,0.00,0.00,0.00,0.00,8.16,5.63,0.00,4.60,5.91,8.16,29.09
245,0.00,0.00,0.00,0.00,3.72,7.63,0.00,3.78,4.86,7.63,27.77
247,5.15,0.00,2.58,5.15,5.72,9.63,0.00,5.12,6.58,9.63,22.61
249,15.03,0.00,7.52,15.03,7.72,11.63,0.00,6.45,8.29,11.63,21.29
251,18.15,0.00,9.07,18.15,9.72,13.63,0.00,7.78,10.01,13.63,17.61
253,23.91,0.00,11.95,23.91,11.72,15.63,0.00,9.12,11.72,15.63,13.47
255,31.84,0.00,15.92,31.84,13.72,17.63,0.00,10.45,13.43,17.63,10.21
257,31.58,0.00,15.79,31.58,15.72,19.63,0.00,11.78,15.15,19.63,9.03
259,37.62,0.00,18.81,37.62,17.72,15.10,0.00,10.94,14.06,17.72,10.28
261,39.71,0.00,19.86,39.71,8.91,17.10,0.00,8.67,11.15,17.10,16.05
263,43.47,0.00,21.74,43.47,10.91,15.81,0.00,8.91,11.45,15.81,22.28
265,12.57,0.00,6.29,12.57,12.91,7.58,0.00,6.83,8.78,12.91,29.55
267,0.00,0.00,0.00,0.00,14.91,9.58,0.00,8.16,10.50,14.91,21.60
269,2.27,0.00,1.14,2.27,7.06,11.58,0.00,6.21,7.99,11.58,16.97
271,11.38,0.00,5.69,11.38,9.06,13.58,0.00,7.55,9.70,13.58,22.62
273,11.77,0.00,5.88,11.77,11.06,15.58,0.00,8.88,11.42,15.58,19.61
275,11.77,0.00,5.88,11.77,13.06,17.58,0.00,10.21,13.13,17.58,28.55
277,8.45,0.00,4.23,8.45,15.06,19.58,0.00,11.55,14.85,19.58,33.36
279,0.00,0.00,0.00,0.00,17.06,0.00,0.00,5.69,7.31,17.06,34.01
281,0.00,0.00,0.00,0.00,5.54,0.00,0.00,1.85,2.37,5.54,37.52
283,0.00,0.00,0.00,0.00,0.00,1.12,0.00,0.37,0.48,1.12,35.84
285,0.59,0.00,0.30,0.59,0.00,3.12,0.00,1.04,1.34,3.12,34.37
287,5.33,0.00,2.67,5.33,0.00,5.12,0.00,1.71,2.20,5.12,31.87
289,5.18,0.00,2.59,5.18,1.07,7.12,0.00,2.73,3.51,7.12,28.45
291,10.70,0.00,5.35,10.70,3.07,9.12,0.00,4.07,5.23,9.12,25.92
293,11.35,0.00,5.68,11.35,5.07,11.12,0.00,5.40,6.94,11.12,20.21
295,14.32,0.00,7.16,14.32,7.07,13.12,0.00,6.73,8.66,13.12,15.03
297,17.49,0.00,8.75,17.49,9.07,15.12,1.51,8.57,10.58,15.12,8.06
299,17.46,4.59,11.02,17.46,11.07,17.12,3.51,10.57,12.58,17.12,3.53
301,17.46,5.80,11.63,17.46,13.07,19.12,5.51,12.57,14.58,19.12,0.68
303,22.52,5.80,14.16,22.52,15.07,21.12,7.51,14.57,16.58,21.12,0.00
305,24.32,5.80,15.06,24.32,17.07,23.12,9.51,16.57,18.58,23.12,1.58
307,24.32,5.80,15.06,24.32,19.07,25.12,11.51,18.57,20.58,25.12,5.17
309,22.63,5.80,14.21,22.63,21.07,16.47,13.51,17.02,18.02,21.07,21.03
311,0.00,5.80,2.90,5.80,11.73,18.47,15.51,15.23,15.16,18.47,26.49
313,0.00,5.80,2.90,5.80,13.73,0.00,17.51,10.41,8.38,17.51,37.13
315,0.00,5.80,2.90,5.80,0.00,0.00,19.51,6.50,2.79,19.51,41.42
317,0.00,5.80,2.90,5.80,0.00,0.00,21.51,7.17,3.07,21.51,39.48
319,0.00,5.80,2.90,5.80,0.00,0.00,23.51,7.84,3.36,23.51,35.58
321,0.00,5.80,2.90,5.80,0.00,0.00,25.51,8.50,3.64,25.51,28.91
323,0.00,9.72,4.86,9.72,0.00,0.00,27.51,9.17,3.93,27.51,25.51
325,0.00,12.50,6.25,12.50,0.00,1.80,29.51,10.44,4.99,29.51,29.55
327,0.00,12.48,6.24,12.48,0.00,3.80,31.51,11.77,6.13,31.51,27.40
329,0.00,12.48,6.24,12.48,1.21,0.00,33.51,11.57,5.30,33.51,25.70
331,0.00,12.48,6.24,12.48,3.21,0.00,35.51,12.90,6.45,35.51,26.04
333,0.00,12.48,6.24,12.48,0.00,0.00,37.51,12.50,5.36,37.51,26.19
335,0.00,12.48,6.24,12.48,0.37,0.96,39.51,13.61,6.21,39.51,20.65
337,0.00,12.48,6.24,12.48,2.37,2.96,41.51,15.61,8.21,41.51,15.16
339,9.09,12.48,10.78,12.48,4.37,4.96,43.51,17.61,10.21,43.51,11.82
341,12.70,12.48,12.59,12.70,6.37,6.96,45.51,19.61,12.21,45.51,10.26
343,12.69,15.62,14.15,15.62,8.37,8.96,47.51,21.61,14.21,47.51,14.37
345,12.69,19.05,15.87,19.05,10.37,10.96,49.51,23.61,16.21,49.51,16.48
347,12.69,19.02,15.85,19.02,12.37,12.96,51.51,25.61,18.21,51.51,15.39
349,13.64,19.02,16.33,19.02,14.37,14.96,53.51,27.61,20.21,53.51,13.78
351,18.42,19.02,18.72,19.02,16.37,16.96,55.51,29.61,22.21,55.51,9.97
353,18.29,19.02,18.65,19.02,18.37,18.96,57.51,31.61,24.21,57.51,4.90
355,19.89,19.02,19.46,19.89,20.37,20.96,59.51,33.61,26.21,59.51,3.03
357,24.14,19.99,22.07,24.14,22.37,22.96,61.51,35.61,28.21,61.51,6.05
359,23.57,25.22,24.39,25.22,24.37,12.08,38.39,24.95,21.10,38.39,8.30
361,3.27,24.37,13.82,24.37,8.05,14.08,40.39,20.84,15.25,40.39,18.34
363,0.00,22.82,11.41,22.82,10.05,0.00,42.39,17.48,10.36,42.39,29.13
365,0.00,20.26,10.13,20.26,0.00,0.00,23.79,7.93,3.40,23.79,31.43
367,0.00,15.89,7.94,15.89,0.00,0.00,25.79,8.60,3.68,25.79,30.07
369,0.00,12.14,6.07,12.14,0.00,0.00,27.79,9.26,3.97,27.79,31.83
371,0.00,11.66,5.83,11.66,0.00,0.00,29.79,9.93,4.26,29.79,28.07
373,0.00,11.66,5.83,11.66,0.00,0.00,31.79,10.60,4.54,31.79,25.17
375,0.00,11.66,5.83,11.66,1.48,0.00,33.79,11.75,5.46,33.79,21.80
377,0.00,11.66,5.83,11.66,1.46,1.32,35.79,12.86,6.31,35.79,23.50
379,0.00,11.66,5.83,11.66,0.00,3.32,37.79,13.70,6.82,37.79,22.76
381,0.00,11.66,5.83,11.66,0.00,0.00,39.79,13.26,5.68,39.79,22.19
383,0.00,11.66,5.83,11.66,0.00,0.00,41.79,13.93,5.97,41.79,19.20
385,0.00,11.66,5.83,11.66,0.00,0.00,43.79,14.60,6.26,43.79,12.29
387,0.00,11.66,5.83,11.66,1.93,0.00,45.79,15.91,7.37,45.79,8.70
389,0.00,11.66,5.83,11.66,1.74,0.00,47.79,16.51,7.57,47.79,12.64
391,0.00,11.66,5.83,11.66,0.00,0.00,49.79,16.60,7.11,49.79,21.68
393,0.00,11.66,5.83,11.66,0.00,0.00,51.79,17.26,7.40,51.79,28.82
395,0.00,11.66,5.83,11.66,0.00,0.00,53.79,17.93,7.68,53.79,32.36
397,0.00,11.66,5.83,11.66,0.00,0.00,55.79,18.60,7.97,55.79,30.27
399,0.00,11.66,5.83,11.66,0.00,0.00,57.79,19.26,8.26,57.79,24.45
401,0.00,11.66,5.83,11.66,0.00,0.01,59.79,19.93,8.54,59.79,19.45
403,1.97,11.66,6.81,11.66,0.00,2.01,61.79,21.26,9.69,61.79,15.97
405,5.95,11.66,8.80,11.66,0.00,4.01,63.79,22.60,10.83,63.79,17.11
407,0.75,11.66,6.20,11.66,0.00,6.01,65.79,23.93,11.97,65.79,16.99
409,0.00,11.66,5.83,11.66,0.00,7.12,67.79,24.97,12.74,67.79,19.81
411,0.00,11.66,5.83,11.66,0.00,7.96,69.79,25.91,13.38,69.79,19.93
413,0.00,11.66,5.83,11.66,0.00,0.00,71.79,23.93,10.26,71.79,17.41
415,0.00,11.66,5.83,11.66,1.57,0.00,73.79,25.12,11.21,73.79,13.07
417,0.00,11.66,5.83,11.66,0.00,0.00,75.79,25.26,10.83,75.79,16.15
419,0.00,11.66,5.83,11.66,1.07,0.00,77.79,26.29,11.57,77.79,15.61
421,0.00,11.66,5.83,11.66,3.07,0.00,79.79,27.62,12.72,79.79,18.92
423,0.00,11.66,5.83,11.66,0.00,0.00,81.79,27.26,11.68,81.79,19.90
425,0.00,11.66,5.83,11.66,0.00,0.00,83.79,27.93,11.97,83.79,12.96
427,0.00,11.66,5.83,11.66,0.00,0.00,85.79,28.60,12.26,85.79,6.01
429,0.00,11.66,5.83,11.66,0.00,0.00,87.79,29.26,12.54,87.79,12.07
431,0.00,16.50,8.25,16.50,0.00,0.00,89.79,29.93,12.83,89.79,20.50
433,0.00,18.23,9.11,18.23,0.00,0.00,91.79,30.60,13.11,91.79,22.60
435,0.00,18.22,9.11,18.22,0.00,0.00,93.79,31.26,13.40,93.79,33.39
437,0.00,18.19,9.10,18.19,0.00,0.00,95.79,31.93,13.68,95.79,36.01
439,0.00,16.63,8.31,16.63,0.00,0.00,82.86,27.62,11.84,82.86,35.10
441,0.00,4.31,2.15,4.31,0.00,0.26,84.86,28.37,12.23,84.86,31.05
443,2.78,0.00,1.39,2.78,0.00,2.26,14.02,5.43,2.97,14.02,22.83
445,8.29,0.00,4.14,8.29,0.96,4.26,0.00,1.74,2.24,4.26,16.95
447,13.65,0.00,6.82,13.65,2.96,6.26,0.00,3.07,3.95,6.26,9.20
449,19.54,0.00,9.77,19.54,4.96,8.26,0.00,4.41,5.67,8.26,3.94
451,19.38,0.00,9.69,19.38,6.96,10.26,0.00,5.74,7.38,10.26,6.64
453,24.79,0.00,12.40,24.79,8.96,12.26,0.00,7.07,9.10,12.26,8.54
455,25.84,0.00,12.92,25.84,10.96,14.26,0.00,8.41,10.81,14.26,12.58
457,25.84,0.00,12.92,25.84,12.96,16.26,0.00,9.74,12.52,16.26,18.70
459,20.31,0.00,10.15,20.31,14.96,13.84,0.00,9.60,12.34,14.96,29.49
461,0.00,0.00,0.00,0.00,0.00,15.84,0.00,5.28,6.79,15.84,43.84
463,0.00,0.00,0.00,0.00,0.00,12.47,0.00,4.16,5.34,12.47,46.23
465,0.00,0.00,0.00,0.00,0.00,1.28,0.00,0.43,0.55,1.28,40.75
467,0.95,0.00,0.47,0.95,0.00,3.28,0.00,1.09,1.41,3.28,34.06
469,5.73,0.00,2.86,5.73,0.00,5.28,0.00,1.76,2.26,5.28,22.52
471,5.60,0.00,2.80,5.60,1.09,7.28,0.00,2.79,3.59,7.28,15.47
473,8.91,0.00,4.46,8.91,3.09,9.28,0.00,4.12,5.30,9.28,16.32
475,15.17,0.00,7.59,15.17,5.09,11.28,0.00,5.46,7.02,11.28,20.80
477,19.59,0.00,9.80,19.59,7.09,13.28,0.00,6.79,8.73,13.28,23.63
479,19.55,0.00,9.77,19.55,9.09,15.28,0.00,8.12,10.45,15.28,21.52
481,19.55,0.00,9.77,19.55,11.09,17.28,0.00,9.46,12.16,17.28,17.63
483,19.55,0.00,9.77,19.55,13.09,19.28,0.00,10.79,13.87,19.28,10.88
485,24.16,0.00,12.08,24.16,15.09,21.28,0.00,12.12,15.59,21.28,5.98
487,30.90,0.00,15.45,30.90,17.09,23.28,0.00,13.46,17.30,23.28,4.89
489,36.56,0.00,18.28,36.56,19.09,16.46,0.00,11.85,15.23,19.09,20.73
491,38.77,0.00,19.39,38.77,6.90,18.46,0.00,8.45,10.86,18.46,27.94
493,5.57,0.00,2.79,5.57,8.90,9.98,0.00,6.29,8.09,9.98,29.41
495,0.00,0.00,0.00,0.00,10.90,0.00,0.00,3.63,4.67,10.90,31.23
497,0.00,0.00,0.00,0.00,11.85,0.00,0.00,3.95,5.08,11.85,37.78
499,0.00,0.00,0.00,0.00,0.60,0.00,0.00,0.20,0.26,0.60,36.56
501,0.00,0.00,0.00,0.00,2.60,0.00,0.00,0.87,1.11,2.60,34.87
503,0.00,0.00,0.00,0.00,4.60,0.00,0.00,1.53,1.97,4.60,14.59
505,0.00,0.00,0.00,0.00,6.60,0.00,0.00,2.20,2.83,6.60,1.46
507,3.73,0.00,1.87,3.73,8.60,0.00,0.00,2.87,3.68,8.60,60.00
509,0.00,0.00,0.00,0.00,10.60,0.00,0.00,3.53,4.54,10.60,60.00
511,0.00,0.00,0.00,0.00,12.60,0.00,0.00,4.20,5.40,12.60,30.31
513,0.00,0.00,0.00,0.00,14.60,0.00,0.00,4.87,6.26,14.60,34.11
515,0.00,0.00,0.00,0.00,16.60,0.00,0.00,5.53,7.11,16.60,44.01
517,0.00,0.00,0.00,0.00,18.60,0.00,0.00,6.20,7.97,18.60,51.44
519,0.00,0.00,0.00,0.00,20.60,0.00,0.00,6.87,8.83,20.60,50.97
521,0.00,0.00,0.00,0.00,22.60,0.00,0.00,7.53,9.68,22.60,43.87
523,0.00,0.00,0.00,0.00,24.60,0.00,0.00,8.20,10.54,24.60,34.81
525,0.57,0.00,0.29,0.57,26.60,0.00,0.00,8.87,11.40,26.60,26.14
527,10.71,0.00,5.35,10.71,28.60,0.00,0.00,9.53,12.26,28.60,21.05
529,14.96,0.00,7.48,14.96,30.60,0.00,0.00,10.20,13.11,30.60,19.52
531,16.12,0.00,8.06,16.12,32.60,0.00,0.00,10.87,13.97,32.60,17.28
533,16.12,0.00,8.06,16.12,34.60,0.00,0.68,11.76,14.92,34.60,18.64
535,16.12,3.37,9.75,16.12,36.60,0.00,2.68,13.09,16.07,36.60,18.44
537,16.12,5.21,10.66,16.12,38.60,0.00,4.68,14.43,17.21,38.60,16.05
539,16.12,5.20,10.66,16.12,40.60,0.00,6.68,15.76,18.35,40.60,18.28
541,16.12,5.20,10.66,16.12,42.60,0.00,8.68,17.09,19.50,42.60,19.74
543,22.38,5.20,13.79,22.38,44.60,0.00,10.68,18.43,20.64,44.60,21.91
545,22.11,5.20,13.65,22.11,46.60,0.00,12.68,19.76,21.78,46.60,19.99
547,26.63,5.20,15.92,26.63,21.72,1.33,14.68,12.57,11.97,21.72,19.48
549,28.69,5.20,16.95,28.69,23.72,3.33,16.68,14.57,13.97,23.72,22.35
551,15.36,5.20,10.28,15.36,24.82,5.33,18.68,16.28,15.59,24.82,21.40
553,0.00,5.20,2.60,5.20,11.12,7.33,20.68,13.04,10.86,20.68,13.43
555,0.00,5.12,2.56,5.12,0.00,9.33,22.68,10.67,7.24,22.68,13.46
557,0.00,3.65,1.83,3.65,0.45,11.33,24.68,12.15,8.57,24.68,12.65
559,0.00,7.37,3.68,7.37,2.45,9.04,5.90,5.80,5.77,9.04,41.03
561,0.00,0.00,0.00,0.00,4.45,0.00,7.90,4.12,3.04,7.90,47.02
563,0.00,0.00,0.00,0.00,0.00,0.00,0.00,0.00,0.00,0.00,55.61
565,0.00,0.00,0.00,0.00,0.00,0.00,0.00,0.00,0.00,0.00,55.37
567,0.00,0.00,0.00,0.00,0.00,0.00,0.00,0.00,0.00,0.00,51.26
569,0.00,0.00,0.00,0.00,0.00,0.00,0.00,0.00,0.00,0.00,40.26
571,0.00,0.00,0.00,0.00,0.00,0.00,0.00,0.00,0.00,0.00,36.17
573,1.17,0.00,0.58,1.17,0.00,1.85,0.00,0.62,0.79,1.85,35.22
575,6.74,0.00,3.37,6.74,0.00,3.85,0.00,1.28,1.65,3.85,36.12
577,11.90,0.00,5.95,11.90,0.00,5.85,0.00,1.95,2.51,5.85,31.31
579,11.77,0.00,5.89,11.77,0.00,7.85,0.00,2.62,3.36,7.85,27.03
581,11.77,0.00,5.89,11.77,0.00,9.85,0.00,3.28,4.22,9.85,22.17
583,17.04,0.00,8.52,17.04,0.00,11.85,0.21,4.02,5.11,11.85,17.76
585,24.72,0.00,12.36,24.72,0.00,13.85,2.21,5.35,6.25,13.85,18.09
587,30.14,1.56,15.85,30.14,0.00,15.85,4.21,6.69,7.39,15.85,17.04
589,31.20,5.73,18.46,31.20,0.00,17.58,6.21,7.93,8.42,17.58,21.86
591,21.16,5.64,13.40,21.16,0.00,10.47,8.21,6.23,5.66,10.47,23.62
593,0.00,9.64,4.82,9.64,0.60,12.37,10.21,7.73,7.02,12.37,23.08
595,0.00,11.44,5.72,11.44,2.60,11.45,12.21,8.75,7.76,12.21,23.04
597,0.00,11.43,5.72,11.43,4.60,0.00,14.21,6.27,4.00,14.21,23.37
599,0.00,11.43,5.72,11.43,0.00,0.00,16.21,5.40,2.32,16.21,27.22
601,0.00,11.43,5.72,11.43,0.00,0.45,18.21,6.22,2.80,18.21,28.04
603,0.00,11.43,5.72,11.43,0.00,2.45,20.21,7.56,3.94,20.21,29.82
605,0.00,11.43,5.72,11.43,0.00,0.00,22.21,7.40,3.17,22.21,29.11
607,0.00,11.43,5.72,11.43,0.00,1.09,24.21,8.43,3.93,24.21,24.83
609,1.39,11.43,6.41,11.43,0.00,3.09,26.21,9.77,5.07,26.21,20.04
611,5.00,11.43,8.21,11.43,0.00,5.09,28.21,11.10,6.21,28.21,20.95
613,7.54,11.43,9.49,11.43,0.00,7.09,30.21,12.43,7.35,30.21,19.85
615,13.85,11.43,12.64,13.85,0.00,9.09,32.21,13.77,8.50,32.21,20.63
617,18.73,11.43,15.08,18.73,1.19,11.09,34.21,15.50,10.15,34.21,17.78
619,24.07,11.43,17.75,24.07,3.19,13.09,36.21,17.50,12.15,36.21,14.60
621,23.93,11.43,17.68,23.93,5.19,15.09,38.21,19.50,14.15,38.21,13.49
623,27.58,11.43,19.50,27.58,7.19,17.09,40.21,21.50,16.15,40.21,13.44
625,35.07,11.43,23.25,35.07,9.19,19.09,42.21,23.50,18.15,42.21,12.66
627,40.83,11.43,26.13,40.83,11.19,21.09,44.21,25.50,20.15,44.21,8.77
629,41.77,11.43,26.60,41.77,13.19,23.09,46.21,27.50,22.15,46.21,6.89
631,41.76,15.36,28.56,41.76,15.19,25.09,48.21,29.50,24.15,48.21,4.78
633,48.45,17.59,33.02,48.45,17.19,27.09,50.21,31.50,26.15,50.21,4.30
635,55.37,17.58,36.48,55.37,19.19,29.09,52.21,33.50,28.15,52.21,5.86
637,55.18,17.58,36.38,55.18,21.19,31.09,54.21,35.50,30.15,54.21,8.10
639,55.18,17.58,36.38,55.18,23.19,33.09,56.21,37.50,32.15,56.21,7.27
641,60.48,17.58,39.03,60.48,25.19,35.09,58.21,39.50,34.15,58.21,4.39
643,61.48,17.58,39.53,61.48,27.19,37.09,60.21,41.50,36.15,60.21,4.51
645,62.27,17.58,39.92,62.27,29.19,39.09,62.21,43.50,38.15,62.21,7.87
647,73.72,17.58,45.65,73.72,31.19,41.09,64.21,45.50,40.15,64.21,8.57
649,74.57,17.58,46.08,74.57,33.19,43.09,66.21,47.50,42.15,66.21,8.02
651,74.57,17.58,46.08,74.57,35.19,45.09,68.21,49.50,44.15,68.21,4.66
653,83.67,17.58,50.63,83.67,37.19,47.09,70.21,51.50,46.15,70.21,1.43
655,95.99,17.58,56.79,95.99,39.19,49.09,72.21,53.50,48.15,72.21,0.57
657,106.38,17.51,61.94,106.38,41.19,51.09,74.21,55.50,50.15,74.21,2.34
659,107.76,16.77,62.26,107.76,43.19,48.80,68.85,53.61,49.26,68.85,6.08
661,107.76,3.00,55.38,107.76,45.19,49.30,70.85,55.11,50.62,70.85,7.73
663,107.76,0.00,53.88,107.76,47.19,43.59,36.81,42.53,44.16,47.19,9.07
665,109.55,0.00,54.78,109.55,43.09,45.59,10.56,33.08,39.51,45.59,9.20
667,114.74,0.00,57.37,114.74,45.09,42.97,12.56,33.54,39.53,45.09,9.43
669,120.80,0.00,60.40,120.80,35.09,44.97,14.56,31.54,36.39,44.97,12.50
671,120.61,0.00,60.31,120.61,37.09,37.41,16.56,30.35,34.29,37.41,15.93
673,120.61,0.00,60.31,120.61,32.51,39.41,18.56,30.16,33.47,39.41,21.12
675,120.59,0.00,60.30,120.59,34.51,22.05,20.56,25.70,27.17,34.51,25.31
677,53.93,0.00,26.97,53.93,28.73,24.05,22.56,25.11,25.84,28.73,27.40
679,0.00,0.95,0.47,0.95,31.10,26.05,24.56,27.23,28.00,31.10,26.78
681,0.00,5.75,2.88,5.75,9.71,28.05,26.56,21.44,19.97,28.05,27.70
683,0.00,5.63,2.81,5.63,11.71,28.12,28.56,22.79,21.15,28.56,29.63
685,0.00,5.63,2.81,5.63,13.71,26.63,30.56,23.63,21.65,30.56,19.76
687,7.46,5.63,6.54,7.46,15.71,28.63,32.56,25.63,23.65,32.56,10.69
689,21.98,5.63,13.81,21.98,17.71,30.63,34.56,27.63,25.65,34.56,11.19
691,25.07,5.63,15.35,25.07,19.71,32.63,36.56,29.63,27.65,36.56,13.46
693,25.05,5.63,15.34,25.05,21.71,34.63,38.56,31.63,29.65,38.56,13.75
695,29.32,5.63,17.47,29.32,23.71,36.63,40.56,33.63,31.65,40.56,11.95
697,30.78,5.63,18.20,30.78,25.71,38.63,42.56,35.63,33.65,42.56,9.63
699,30.77,5.63,18.20,30.77,27.71,40.63,44.56,37.63,35.65,44.56,7.85
701,32.60,5.63,19.11,32.60,29.71,42.63,46.56,39.63,37.65,46.56,8.27
703,39.63,5.63,22.63,39.63,31.71,44.63,48.56,41.63,39.65,48.56,9.15
705,44.03,5.63,24.83,44.03,33.71,46.63,50.56,43.63,41.65,50.56,9.02
707,43.96,5.63,24.80,43.96,35.71,48.63,52.56,45.63,43.65,52.56,6.80
709,43.96,5.63,24.80,43.96,37.71,50.63,54.56,47.63,45.65,54.56,6.09
711,47.60,5.63,26.61,47.60,39.71,52.63,56.56,49.63,47.65,56.56,7.61
713,52.35,5.63,28.99,52.35,41.71,54.63,58.56,51.63,49.65,58.56,10.28
715,56.90,5.63,31.26,56.90,43.71,56.63,60.56,53.63,51.65,60.56,11.87
717,56.84,5.63,31.24,56.84,45.71,58.63,62.56,55.63,53.65,62.56,12.25
719,56.84,5.63,31.24,56.84,47.71,60.62,64.56,57.63,55.65,64.56,14.45
721,63.18,5.63,34.40,63.18,49.71,48.21,66.56,54.83,51.47,66.56,15.42
723,69.26,5.63,37.45,69.26,11.12,50.21,68.56,43.30,36.08,68.56,10.77
725,76.41,5.63,41.02,76.41,13.12,31.51,70.56,38.39,29.21,70.56,9.21
727,81.23,5.63,43.43,81.23,15.12,33.51,72.56,40.39,31.21,72.56,12.25
729,87.18,5.63,46.41,87.18,17.12,35.51,74.56,42.39,33.21,74.56,11.12
731,87.61,5.63,46.62,87.61,19.12,37.51,76.56,44.39,35.21,76.56,10.92
733,86.07,5.63,45.85,86.07,21.12,39.51,78.56,46.39,37.21,78.56,8.83
735,87.80,5.63,46.71,87.80,23.12,41.51,80.56,48.39,39.21,80.56,6.93
737,69.08,5.63,37.35,69.08,25.12,43.51,82.56,50.39,41.21,82.56,5.94
739,53.66,5.63,29.64,53.66,27.12,39.17,84.56,50.28,40.49,84.56,7.52
741,59.96,5.63,32.80,59.96,29.12,40.07,86.56,51.92,42.02,86.56,7.64
743,74.30,5.63,39.97,74.30,31.12,31.25,88.56,50.31,39.38,88.56,12.01
745,91.00,5.54,48.27,91.00,24.96,33.25,90.56,49.59,37.89,90.56,18.35
747,94.73,0.48,47.60,94.73,26.96,17.06,92.56,45.53,32.09,92.56,18.74
749,94.71,0.00,47.35,94.71,25.08,19.06,0.00,14.71,18.92,25.08,19.35
751,95.75,0.00,47.87,95.75,25.34,21.06,0.00,15.47,19.88,25.34,21.97
753,65.12,0.00,32.56,65.12,25.35,23.06,0.00,16.14,20.75,25.35,21.47
755,0.00,0.00,0.00,0.00,18.16,25.06,0.00,14.40,18.52,25.06,18.76
757,9.86,0.00,4.93,9.86,20.16,27.06,0.00,15.74,20.23,27.06,17.12
759,25.99,0.00,13.00,25.99,22.16,29.06,0.00,17.07,21.95,29.06,17.83
761,37.00,0.00,18.50,37.00,24.16,31.06,0.00,18.40,23.66,31.06,18.12
763,43.07,0.00,21.54,43.07,26.16,33.06,0.00,19.74,25.38,33.06,16.42
765,49.10,0.00,24.55,49.10,28.16,35.06,0.00,21.07,27.09,35.06,9.38
767,59.02,0.00,29.51,59.02,30.16,37.06,0.00,22.40,28.81,37.06,4.05
769,63.15,0.00,31.58,63.15,32.16,39.06,0.00,23.74,30.52,39.06,3.44
771,78.26,0.00,39.13,78.26,34.16,41.06,0.00,25.07,32.23,41.06,3.55
773,81.25,0.00,40.62,81.25,36.16,43.06,1.92,27.05,34.22,43.06,4.46
775,81.22,0.00,40.61,81.22,38.16,45.06,3.92,29.05,36.22,45.06,6.18
777,81.59,0.00,40.79,81.59,40.16,47.06,5.92,31.05,38.22,47.06,7.77
779,87.92,0.00,43.96,87.92,42.16,38.03,7.92,29.37,35.50,42.16,8.59
781,88.43,0.00,44.22,88.43,42.89,40.03,9.92,30.95,36.95,42.89,9.53
783,94.24,0.00,47.12,94.24,45.22,42.03,11.92,33.06,39.10,45.22,8.12
785,100.96,0.00,50.48,100.96,27.15,44.03,13.92,28.37,32.50,44.03,10.10
787,105.91,0.00,52.95,105.91,29.15,34.10,15.92,26.39,29.38,34.10,13.01
789,105.85,0.00,52.92,105.85,31.15,17.27,17.92,22.11,23.31,31.15,17.11
791,105.85,0.00,52.92,105.85,33.15,19.27,19.92,24.11,25.31,33.15,23.01
793,100.06,0.00,50.03,100.06,27.12,21.27,21.92,23.44,23.87,27.12,26.74
795,1.29,0.00,0.64,1.29,28.78,23.27,23.92,25.33,25.73,28.78,23.00
797,10.29,1.08,5.69,10.29,25.13,25.27,25.92,25.44,25.30,25.92,18.73
799,17.27,4.85,11.06,17.27,27.13,27.27,27.92,27.44,27.30,27.92,18.36
801,27.45,4.75,16.10,27.45,29.13,29.27,29.92,29.44,29.30,29.92,16.54
803,29.73,4.75,17.24,29.73,31.13,31.27,31.92,31.44,31.30,31.92,13.26
805,29.73,8.23,18.98,29.73,33.13,33.27,33.92,33.44,33.30,33.92,12.22
807,33.36,8.90,21.13,33.36,35.13,35.27,35.92,35.44,35.30,35.92,11.90
809,35.87,0.00,17.94,35.87,37.13,37.27,20.17,31.52,34.77,37.27,12.25
811,35.85,0.00,17.92,35.85,39.13,39.27,22.17,33.52,36.77,39.27,12.35
813,41.51,0.00,20.75,41.51,41.13,41.27,0.00,27.47,35.32,41.27,13.35
815,46.40,0.00,23.20,46.40,43.13,43.27,0.00,28.80,37.03,43.27,15.15
817,48.47,0.00,24.23,48.47,45.13,45.27,0.00,30.13,38.74,45.27,15.21
819,48.46,0.00,24.23,48.46,47.13,47.27,0.00,31.47,40.46,47.27,17.43
821,53.88,0.00,26.94,53.88,34.76,49.27,0.00,28.01,36.01,49.27,17.67
823,57.89,0.00,28.94,57.89,36.76,42.97,0.00,26.58,34.17,42.97,19.14
825,66.60,0.00,33.30,66.60,38.76,19.80,0.00,19.52,25.10,38.76,21.22
827,66.67,0.00,33.34,66.67,14.85,21.80,0.00,12.22,15.71,21.80,21.19
829,49.12,0.00,24.56,49.12,16.85,15.76,0.00,10.87,13.97,16.85,21.45
831,0.00,0.00,0.00,0.00,6.89,17.76,0.00,8.22,10.56,17.76,24.53
833,0.00,0.00,0.00,0.00,8.89,13.11,0.00,7.33,9.43,13.11,24.15
835,1.77,0.00,0.89,1.77,10.89,10.00,0.00,6.96,8.95,10.89,21.99
837,8.24,0.00,4.12,8.24,12.89,12.00,0.00,8.30,10.67,12.89,18.75
839,20.85,0.00,10.42,20.85,10.11,14.00,0.00,8.04,10.33,14.00,18.18
841,27.61,0.00,13.81,27.61,12.11,16.00,0.00,9.37,12.05,16.00,20.34
843,29.31,0.00,14.66,29.31,14.11,18.00,0.00,10.70,13.76,18.00,16.34
845,29.31,0.00,14.66,29.31,16.11,20.00,0.00,12.04,15.48,20.00,11.68
847,29.31,1.86,15.59,29.31,18.11,22.00,1.54,13.88,17.41,22.00,8.10
849,33.84,5.70,19.77,33.84,20.11,24.00,3.54,15.88,19.41,24.00,8.52
851,35.43,5.64,20.54,35.43,22.11,26.00,5.54,17.88,21.41,26.00,10.26
853,36.52,5.64,21.08,36.52,24.11,28.00,7.54,19.88,23.41,28.00,11.44
855,42.13,5.64,23.89,42.13,26.11,30.00,9.54,21.88,25.41,30.00,14.32
857,42.01,5.64,23.82,42.01,28.11,32.00,11.54,23.88,27.41,32.00,16.91
859,42.01,5.64,23.82,42.01,30.11,34.00,13.54,25.88,29.41,34.00,18.30
861,42.01,5.64,23.82,42.01,32.11,13.56,15.54,20.40,21.79,32.11,20.18
863,26.88,10.44,18.66,26.88,32.46,15.56,17.54,21.85,23.08,32.46,21.34
865,0.00,12.14,6.07,12.14,31.56,17.56,19.54,22.88,23.84,31.56,22.46
867,0.00,12.14,6.07,12.14,5.28,19.56,21.54,15.46,13.72,21.54,23.61
869,0.00,12.14,6.07,12.14,7.28,17.67,23.54,16.16,14.05,23.54,22.60
871,0.00,12.14,6.07,12.14,9.28,1.68,25.54,12.16,8.34,25.54,24.54
873,0.00,12.14,6.07,12.14,5.98,3.68,27.54,12.40,8.07,27.54,23.15
875,1.22,12.14,6.68,12.14,7.98,5.68,29.54,14.40,10.07,29.54,17.00
877,11.84,12.14,11.99,12.14,2.50,7.68,31.54,13.91,8.87,31.54,8.00
879,23.84,12.14,17.99,23.84,4.50,9.68,33.54,15.91,10.87,33.54,9.51
881,29.50,12.14,20.82,29.50,6.50,11.68,35.54,17.91,12.87,35.54,8.36
883,33.13,12.14,22.63,33.13,8.50,13.68,37.54,19.91,14.87,37.54,10.65
885,35.71,12.14,23.92,35.71,10.50,15.68,39.54,21.91,16.87,39.54,12.89
887,35.69,12.14,23.91,35.69,12.50,17.68,41.54,23.91,18.87,41.54,14.07
889,37.59,12.14,24.87,37.59,14.50,19.68,43.54,25.91,20.87,43.54,13.87
891,42.71,12.14,27.42,42.71,16.50,21.47,45.54,27.84,22.78,45.54,18.86
893,29.11,12.14,20.63,29.11,18.50,3.87,47.54,23.30,16.38,47.54,17.66
895,1.00,12.14,6.57,12.14,19.96,5.87,49.54,25.12,18.15,49.54,14.02
897,6.26,12.14,9.20,12.14,21.96,7.87,51.54,27.12,20.15,51.54,8.42
899,18.06,12.14,15.10,18.06,16.48,9.87,53.54,26.63,18.94,53.54,6.95
901,31.51,12.14,21.83,31.51,18.48,11.87,55.54,28.63,20.94,55.54,7.78
903,30.67,12.14,21.41,30.67,20.48,13.87,57.54,30.63,22.94,57.54,8.55
905,33.15,12.14,22.64,33.15,22.48,15.87,59.54,32.63,24.94,59.54,9.77
907,37.27,12.14,24.70,37.27,24.48,17.87,61.54,34.63,26.94,61.54,12.19
909,37.22,12.14,24.68,37.22,26.48,19.87,63.54,36.63,28.94,63.54,12.97
911,37.04,12.14,24.59,37.04,16.23,21.87,65.54,34.54,25.69,65.54,8.74
913,35.98,12.14,24.06,35.98,18.23,23.87,67.54,36.54,27.69,67.54,8.60
915,33.35,12.14,22.75,33.35,20.23,25.87,69.54,38.54,29.69,69.54,8.82
917,28.88,12.14,20.51,28.88,22.23,27.87,71.54,40.54,31.69,71.54,9.16
919,43.63,12.14,27.88,43.63,24.23,29.87,73.54,42.54,33.69,73.54,10.42
921,44.15,12.14,28.15,44.15,26.23,31.87,75.54,44.54,35.69,75.54,12.69
923,43.99,12.14,28.06,43.99,28.23,33.87,77.54,46.54,37.69,77.54,12.78
925,43.99,12.14,28.06,43.99,30.23,35.87,79.54,48.54,39.69,79.54,12.29
927,43.99,13.45,28.72,43.99,32.23,37.87,81.54,50.54,41.69,81.54,9.85
929,50.01,18.08,34.05,50.01,34.23,39.87,83.54,52.54,43.69,83.54,9.39
931,50.79,17.96,34.37,50.79,36.23,41.87,85.54,54.54,45.69,85.54,9.14
933,50.79,17.96,34.37,50.79,38.23,43.87,87.54,56.54,47.69,87.54,6.89
935,61.11,17.96,39.54,61.11,40.23,45.87,89.54,58.54,49.69,89.54,5.67
937,68.94,17.96,43.45,68.94,42.23,47.87,91.54,60.54,51.69,91.54,4.35
939,70.83,17.96,44.40,70.83,44.23,43.05,93.54,60.27,50.77,93.54,4.86
941,75.49,17.96,46.73,75.49,37.11,45.05,95.54,59.23,48.86,95.54,7.30
943,81.42,17.96,49.69,81.42,39.11,31.30,97.54,55.98,44.11,97.54,8.88
945,81.23,17.96,49.59,81.23,30.00,33.30,99.54,54.28,41.35,99.54,13.19
947,81.16,17.92,49.54,81.16,32.00,35.30,101.54,56.28,43.35,101.54,11.54
949,79.15,17.10,48.13,79.15,34.00,37.30,88.17,53.15,43.15,88.17,8.85
951,62.22,22.41,42.31,62.22,36.00,39.30,90.17,55.15,45.15,90.17,8.98
953,33.67,21.52,27.59,33.67,38.00,41.30,92.17,57.15,47.15,92.17,12.41
955,39.79,19.11,29.45,39.79,40.00,43.30,29.21,37.50,39.87,43.30,15.00
957,45.71,14.51,30.11,45.71,42.00,45.30,31.21,39.50,41.87,45.30,13.01
959,51.43,11.33,31.38,51.43,44.00,31.25,33.21,36.15,36.99,44.00,12.01
961,57.72,11.04,34.38,57.72,46.00,33.25,35.21,38.15,38.99,46.00,11.81
963,60.29,11.04,35.66,60.29,23.42,35.25,37.21,31.96,30.46,37.21,13.86
965,71.40,11.04,41.22,71.40,25.42,30.45,39.21,31.69,29.55,39.21,13.97
967,72.91,11.04,41.97,72.91,27.42,30.95,41.21,33.19,30.90,41.21,17.11
969,39.57,11.04,25.30,39.57,29.42,5.37,43.21,26.00,21.08,43.21,20.27
971,0.00,11.04,5.52,11.04,29.72,7.37,45.21,27.43,22.35,45.21,25.29
973,0.00,11.04,5.52,11.04,18.44,9.37,47.21,25.01,18.66,47.21,25.70
975,1.01,11.04,6.02,11.04,16.36,11.37,49.21,25.65,18.91,49.21,24.04
977,10.96,11.04,11.00,11.04,,13.37,51.21,,,,19.29
979,16.98,14.74,15.86,16.98,,15.37,53.21,,,,13.07
981,16.90,22.46,19.68,22.46,,17.37,55.21,,,,9.14
983,18.70,24.26,21.48,24.26,,19.37,57.21,,,,5.34
985,29.24,24.26,26.75,29.24,,21.37,59.21,,,,4.24
987,29.92,24.26,27.09,29.92,,23.37,61.21,,,,6.00
989,32.15,23.46,27.81,32.15,,25.37,55.50,,,,15.52
991,35.50,9.21,22.35,35.50,,26.05,19.47,,,,22.10
993,11.89,0.00,5.94,11.89,,12.93,,,,,17.57
995,0.00,5.60,2.80,5.60,,,,,,,15.94
997,4.68,5.74,5.21,5.74,,,,,,,14.10
999,10.76,5.74,8.25,10.76,,,,,,,14.68
1001,11.35,5.74,8.54,11.35,,,,,,,12.59
1001,11.35,5.74,8.54,11.35,,,,,,,12.59
