time,queue_main,queue_right,queue_avg,queue_max,delay_route_1,delay_route_2,delay_route_3,delay_avg_1,delay_avg_2,delay_max,speed
1,0.00,0.00,0.00,0.00,0.00,0.00,0.00,0.00,0.00,0.00,60.00
3,0.00,0.00,0.00,0.00,0.00,0.00,0.00,0.00,0.00,0.00,60.00
5,0.00,0.00,0.00,0.00,0.00,0.00,0.00,0.00,0.00,0.00,60.00
7,0.00,0.00,0.00,0.00,0.00,0.00,0.00,0.00,0.00,0.00,60.00
9,0.00,0.00,0.00,0.00,0.00,0.00,0.00,0.00,0.00,0.00,60.00
11,0.00,0.00,0.00,0.00,0.00,0.00,0.00,0.00,0.00,0.00,60.00
13,0.00,0.00,0.00,0.00,0.00,0.00,0.00,0.00,0.00,0.00,60.00
15,0.00,0.00,0.00,0.00,0.00,0.00,0.00,0.00,0.00,0.00,60.00
17,0.00,0.00,0.00,0.00,0.00,0.00,0.00,0.00,0.00,0.00,60.00
19,0.00,0.00,0.00,0.00,0.00,0.00,0.00,0.00,0.00,0.00,60.00
21,0.00,0.00,0.00,0.00,0.00,0.00,0.00,0.00,0.00,0.00,60.00
23,0.00,0.00,0.00,0.00,0.00,0.00,0.00,0.00,0.00,0.00,60.00
25,0.00,0.00,0.00,0.00,0.00,0.00,0.00,0.00,0.00,0.00,60.00
27,0.00,0.00,0.00,0.00,0.00,0.00,0.00,0.00,0.00,0.00,60.00
29,0.00,0.00,0.00,0.00,0.00,0.00,0.00,0.00,0.00,0.00,60.00
31,0.00,0.00,0.00,0.00,0.00,0.00,0.00,0.00,0.00,0.00,60.00
33,0.00,0.00,0.00,0.00,0.00,0.00,0.00,0.00,0.00,0.00,60.00
35,0.00,0.00,0.00,0.00,0.00,0.00,0.00,0.00,0.00,0.00,60.00
37,0.00,0.00,0.00,0.00,0.00,0.00,0.00,0.00,0.00,0.00,60.00
39,0.00,0.00,0.00,0.00,0.00,0.00,0.00,0.00,0.00,0.00,60.00
41,0.00,0.00,0.00,0.00,0.00,0.00,0.00,0.00,0.00,0.00,60.00
43,0.00,0.00,0.00,0.00,0.00,0.00,0.00,0.00,0.00,0.00,60.00
45,0.00,0.00,0.00,0.00,0.00,0.00,0.00,0.00,0.00,0.00,60.00
47,0.00,0.00,0.00,0.00,0.00,0.00,0.00,0.00,0.00,0.00,60.00
49,0.00,0.00,0.00,0.00,0.00,0.00,0.00,0.00,0.00,0.00,60.00
51,0.00,0.00,0.00,0.00,0.00,0.00,0.00,0.00,0.00,0.00,60.00
53,0.00,0.00,0.00,0.00,0.00,0.00,0.00,0.00,0.00,0.00,60.00
55,0.00,0.00,0.00,0.00,0.00,0.00,0.00,0.00,0.00,0.00,60.00
57,0.00,0.00,0.00,0.00,0.00,0.00,0.00,0.00,0.00,0.00,60.00
59,0.00,0.00,0.00,0.00,0.00,0.00,0.00,0.00,0.00,0.00,60.00
61,0.00,0.00,0.00,0.00,0.00,0.00,0.00,0.00,0.00,0.00,40.78
63,0.00,0.00,0.00,0.00,0.00,0.00,0.00,0.00,0.00,0.00,57.85
65,0.00,0.00,0.00,0.00,0.00,0.00,0.00,0.00,0.00,0.00,65.55
67,0.00,0.00,0.00,0.00,0.00,0.00,0.00,0.00,0.00,0.00,57.24
69,0.00,0.00,0.00,0.00,0.00,0.00,0.00,0.00,0.00,0.00,36.50
71,0.00,0.00,0.00,0.00,0.00,0.00,0.00,0.00,0.00,0.00,17.46
73,0.00,0.00,0.00,0.00,0.00,0.00,0.57,0.19,0.34,0.57,3.52
75,0.00,3.88,1.94,3.88,0.00,0.00,2.57,0.86,1.54,2.57,0.00
77,0.00,5.15,2.57,5.15,0.00,0.00,4.57,1.52,2.74,4.57,0.00
79,0.00,5.14,2.57,5.14,0.00,0.00,6.57,2.19,3.94,6.57,0.00
81,0.00,5.14,2.57,5.14,0.00,0.00,8.57,2.86,5.14,8.57,0.00
83,0.00,5.14,2.57,5.14,0.00,0.00,10.57,3.52,6.34,10.57,0.00
85,0.00,5.14,2.57,5.14,0.00,0.00,12.57,4.19,7.54,12.57,0.00
87,0.00,5.14,2.57,5.14,0.00,0.00,14.57,4.86,8.74,14.57,0.00
89,0.00,5.14,2.57,5.14,0.00,0.00,16.57,5.52,9.94,16.57,0.00
91,0.00,5.14,2.57,5.14,0.00,0.00,18.57,6.19,11.14,18.57,0.00
93,0.00,5.14,2.57,5.14,0.00,0.00,20.57,6.86,12.34,20.57,0.00
95,0.00,5.04,2.52,5.04,0.00,0.00,22.57,7.52,13.54,22.57,60.00
97,0.00,0.21,0.11,0.21,0.00,0.00,24.57,8.19,14.74,24.57,60.00
99,0.00,0.00,0.00,0.00,0.00,0.00,0.00,0.00,0.00,0.00,60.00
101,0.00,0.00,0.00,0.00,0.00,0.00,0.00,0.00,0.00,0.00,60.00
103,0.00,0.00,0.00,0.00,0.00,0.00,0.00,0.00,0.00,0.00,60.00
105,0.00,0.00,0.00,0.00,0.00,0.00,0.00,0.00,0.00,0.00,60.00
107,0.00,0.00,0.00,0.00,0.00,0.00,0.00,0.00,0.00,0.00,34.35
109,0.00,0.00,0.00,0.00,0.00,0.00,0.00,0.00,0.00,0.00,37.82
111,0.00,0.00,0.00,0.00,0.00,0.00,0.00,0.00,0.00,0.00,38.77
113,0.00,0.00,0.00,0.00,0.00,0.00,0.00,0.00,0.00,0.00,47.66
115,0.00,0.00,0.00,0.00,0.00,0.00,0.00,0.00,0.00,0.00,51.02
117,0.00,0.00,0.00,0.00,0.00,0.00,0.00,0.00,0.00,0.00,46.11
119,0.00,0.00,0.00,0.00,0.00,0.00,0.00,0.00,0.00,0.00,42.97
121,0.00,0.00,0.00,0.00,1.34,0.00,0.00,0.45,0.27,1.34,26.72
123,0.00,0.00,0.00,0.00,0.00,1.38,0.00,0.46,0.28,1.38,10.82
125,4.16,0.00,2.08,4.16,1.77,3.38,0.00,1.72,1.03,3.38,2.07
127,9.96,0.00,4.98,9.96,3.77,5.38,0.00,3.05,1.83,5.38,0.00
129,12.48,0.00,6.24,12.48,5.77,7.38,0.00,4.38,2.63,7.38,19.68
131,11.27,0.00,5.64,11.27,7.77,9.38,0.00,5.72,3.43,9.38,31.49
133,0.00,0.00,0.00,0.00,9.77,0.00,0.00,3.26,1.95,9.77,42.78
135,0.00,0.00,0.00,0.00,0.00,0.00,0.00,0.00,0.00,0.00,50.96
137,0.00,0.00,0.00,0.00,0.00,0.00,0.00,0.00,0.00,0.00,56.38
139,0.00,0.00,0.00,0.00,0.00,0.00,0.00,0.00,0.00,0.00,44.91
141,0.00,0.00,0.00,0.00,0.50,0.00,0.00,0.17,0.10,0.50,32.28
143,0.00,0.00,0.00,0.00,2.50,0.00,0.00,0.83,0.50,2.50,6.40
145,2.06,0.00,1.03,2.06,4.50,0.00,1.30,1.93,1.68,4.50,60.00
147,1.43,0.00,0.71,1.43,6.50,0.00,0.00,2.17,1.30,6.50,60.00
149,0.00,0.00,0.00,0.00,8.50,0.00,0.00,2.83,1.70,8.50,60.00
151,0.00,0.00,0.00,0.00,10.50,0.00,0.00,3.50,2.10,10.50,60.00
153,0.00,0.00,0.00,0.00,12.50,0.00,0.00,4.17,2.50,12.50,60.00
155,0.00,0.00,0.00,0.00,14.50,0.00,0.00,4.83,2.90,14.50,38.94
157,0.00,0.00,0.00,0.00,16.50,0.00,0.00,5.50,3.30,16.50,42.57
159,0.00,0.00,0.00,0.00,18.50,0.00,0.00,6.17,3.70,18.50,46.50
161,0.00,0.00,0.00,0.00,0.00,0.00,0.00,0.00,0.00,0.00,45.48
163,0.00,0.00,0.00,0.00,0.00,0.00,0.00,0.00,0.00,0.00,46.59
165,0.00,0.00,0.00,0.00,0.00,0.00,0.00,0.00,0.00,0.00,39.88
167,0.00,0.00,0.00,0.00,0.00,0.00,0.47,0.16,0.28,0.47,35.77
169,0.00,3.52,1.76,3.52,0.00,0.00,2.47,0.82,1.48,2.47,28.31
171,0.00,7.74,3.87,7.74,0.00,0.00,4.47,1.49,2.68,4.47,21.68
173,0.00,13.22,6.61,13.22,0.00,0.27,6.47,2.25,3.94,6.47,16.67
175,0.00,17.30,8.65,17.30,0.00,2.27,8.47,3.58,5.54,8.47,4.24
177,0.00,17.24,8.62,17.24,0.00,0.00,10.47,3.49,6.28,10.47,0.71
179,0.00,22.26,11.13,22.26,0.00,0.00,12.47,4.16,7.48,12.47,0.00
181,0.00,23.60,11.80,23.60,0.00,0.00,14.47,4.82,8.68,14.47,11.17
183,0.00,23.60,11.80,23.60,0.00,0.00,16.47,5.49,9.88,16.47,23.43
185,0.00,17.29,8.64,17.29,0.00,0.00,15.67,5.22,9.40,15.67,31.46
187,0.00,0.00,0.00,0.00,0.00,0.00,15.74,5.25,9.45,15.74,35.72
189,0.00,0.00,0.00,0.00,0.00,0.00,11.95,3.98,7.17,11.95,45.62
191,0.00,0.00,0.00,0.00,0.00,0.00,0.00,0.00,0.00,0.00,51.39
193,0.00,0.00,0.00,0.00,0.00,0.00,0.00,0.00,0.00,0.00,46.57
195,0.00,0.00,0.00,0.00,0.21,0.00,1.68,0.63,1.05,1.68,34.11
197,0.00,0.88,0.44,0.88,2.21,0.00,3.68,1.96,2.65,3.68,27.64
199,1.55,5.21,3.38,5.21,4.21,0.00,5.68,3.29,4.25,5.68,20.61
201,10.02,5.73,7.88,10.02,6.21,0.00,7.68,4.63,5.85,7.68,13.82
203,10.61,13.07,11.84,13.07,4.40,0.00,9.68,4.69,6.69,9.68,8.71
205,8.18,18.05,13.12,18.05,6.40,0.00,11.68,6.02,8.29,11.68,12.91
207,0.00,17.97,8.98,17.97,8.40,0.00,13.68,7.36,9.89,13.68,11.69
209,0.29,17.97,9.13,17.97,0.00,1.75,15.68,5.81,9.76,15.68,11.45
211,5.09,17.97,11.53,17.97,0.00,3.75,17.68,7.14,11.36,17.68,11.19
213,4.90,17.97,11.43,17.97,0.00,5.75,19.68,8.48,12.96,19.68,6.83
215,4.90,17.97,11.43,17.97,0.00,7.75,21.68,9.81,14.56,21.68,2.83
217,4.81,17.97,11.39,17.97,0.00,9.75,23.68,11.14,16.16,23.68,0.45
219,0.21,24.64,12.42,24.64,0.00,11.75,25.68,12.48,17.76,25.68,0.00
221,0.00,25.10,12.55,25.10,0.00,0.00,27.68,9.23,16.61,27.68,0.00
223,0.00,25.10,12.55,25.10,0.00,0.00,29.68,9.89,17.81,29.68,0.00
225,0.00,25.10,12.55,25.10,0.00,0.00,31.68,10.56,19.01,31.68,2.09
227,0.00,25.10,12.55,25.10,0.00,0.00,33.68,11.23,20.21,33.68,8.10
229,0.00,24.43,12.22,24.43,0.00,0.00,30.26,10.09,18.15,30.26,21.79
231,0.00,1.13,0.56,1.13,0.00,0.00,29.41,9.80,17.65,29.41,31.13
233,0.00,0.00,0.00,0.00,0.00,0.00,16.59,5.53,9.96,16.59,44.30
235,0.00,0.00,0.00,0.00,0.00,0.00,0.00,0.00,0.00,0.00,52.44
237,0.00,0.00,0.00,0.00,0.00,0.00,0.00,0.00,0.00,0.00,58.12
239,0.00,0.00,0.00,0.00,0.00,0.00,0.00,0.00,0.00,0.00,38.52
241,0.00,0.00,0.00,0.00,0.00,0.00,0.19,0.06,0.11,0.19,18.20
243,0.00,0.00,0.00,0.00,0.00,0.00,2.19,0.73,1.31,2.19,25.26
245,0.00,4.06,2.03,4.06,0.00,0.00,4.19,1.40,2.51,4.19,33.79
247,0.00,5.90,2.95,5.90,0.00,0.00,6.19,2.06,3.71,6.19,39.41
249,0.00,5.89,2.95,5.89,0.00,0.00,8.19,2.73,4.91,8.19,37.34
251,0.00,5.89,2.95,5.89,0.00,0.00,10.19,3.40,6.11,10.19,31.96
253,0.00,5.89,2.95,5.89,0.00,0.00,12.19,4.06,7.31,12.19,25.09
255,0.00,5.89,2.95,5.89,0.00,0.00,14.19,4.73,8.51,14.19,18.78
257,0.00,11.95,5.97,11.95,0.00,0.00,16.19,5.40,9.71,16.19,16.19
259,0.00,17.39,8.70,17.39,0.00,0.00,18.19,6.06,10.91,18.19,16.15
261,0.00,19.30,9.65,19.30,0.00,0.00,20.19,6.73,12.11,20.19,0.00
263,0.00,19.29,9.64,19.29,0.00,0.03,22.19,7.41,13.32,22.19,0.00
265,0.00,19.29,9.64,19.29,0.00,0.00,24.19,8.06,14.51,24.19,0.00
267,0.00,19.29,9.64,19.29,0.00,0.00,26.19,8.73,15.71,26.19,2.55
269,0.00,19.22,9.61,19.22,0.00,0.00,28.19,9.40,16.91,28.19,17.54
271,0.00,5.44,2.72,5.44,0.00,0.00,16.84,5.61,10.11,16.84,21.62
273,0.00,0.00,0.00,0.00,0.00,0.00,16.09,5.36,9.65,16.09,35.64
275,0.00,0.00,0.00,0.00,0.00,0.00,0.00,0.00,0.00,0.00,40.61
277,0.00,0.00,0.00,0.00,0.00,0.00,0.00,0.00,0.00,0.00,45.71
279,0.00,0.00,0.00,0.00,0.00,0.00,0.00,0.00,0.00,0.00,53.95
281,0.00,0.00,0.00,0.00,0.00,0.00,0.00,0.00,0.00,0.00,50.36
283,0.00,0.00,0.00,0.00,0.00,0.00,0.00,0.00,0.00,0.00,43.43
285,0.00,0.00,0.00,0.00,0.00,0.00,0.00,0.00,0.00,0.00,32.67
287,0.00,0.62,0.31,0.62,0.00,0.00,1.51,0.50,0.91,1.51,23.05
289,0.00,5.55,2.77,5.55,0.00,0.00,3.51,1.17,2.11,3.51,23.24
291,0.00,5.37,2.69,5.37,1.10,1.43,5.51,2.68,3.81,5.51,20.62
293,2.86,5.37,4.11,5.37,0.00,3.43,7.51,3.65,5.19,7.51,20.93
295,5.24,5.37,5.31,5.37,0.00,5.43,9.51,4.98,6.79,9.51,22.05
297,5.21,5.37,5.29,5.37,0.00,7.43,11.51,6.31,8.39,11.51,21.41
299,5.21,5.37,5.29,5.37,0.00,9.43,13.51,7.65,9.99,13.51,22.43
301,5.21,6.47,5.84,6.47,0.00,11.43,15.51,8.98,11.59,15.51,22.69
303,5.14,12.11,8.62,12.11,0.00,13.43,17.51,10.31,13.19,17.51,23.38
305,0.45,11.97,6.21,11.97,0.00,15.43,19.51,11.65,14.79,19.51,21.12
307,0.00,11.97,5.99,11.97,0.00,0.00,21.51,7.17,12.91,21.51,19.35
309,0.00,18.33,9.16,18.33,0.00,0.00,23.51,7.84,14.11,23.51,14.93
311,0.00,18.36,9.18,18.36,1.07,0.00,25.51,8.86,15.52,25.51,10.26
313,0.79,18.33,9.56,18.33,3.07,0.00,27.51,10.20,17.12,27.51,12.83
315,3.80,7.81,5.81,7.81,5.07,0.00,16.55,7.21,10.94,16.55,19.00
317,11.15,0.00,5.58,11.15,5.58,0.00,10.67,5.42,7.52,10.67,27.06
319,11.04,0.00,5.52,11.04,7.58,0.00,0.00,2.53,1.52,7.58,34.77
321,11.04,0.00,5.52,11.04,9.58,0.00,0.00,3.19,1.92,9.58,36.94
323,11.04,0.00,5.52,11.04,11.58,0.00,0.00,3.86,2.32,11.58,36.46
325,11.04,0.00,5.52,11.04,13.58,0.00,0.00,4.53,2.72,13.58,32.23
327,11.04,0.00,5.52,11.04,15.58,0.00,0.00,5.19,3.12,15.58,26.97
329,15.20,0.00,7.60,15.20,17.58,1.49,0.00,6.36,3.81,17.58,24.49
331,18.17,0.00,9.08,18.17,19.58,3.49,1.18,8.08,5.32,19.58,17.57
333,18.15,4.05,11.10,18.15,21.58,5.49,3.18,10.08,7.32,21.58,12.68
335,18.86,11.28,15.07,18.86,23.58,7.49,5.18,12.08,9.32,23.58,8.76
337,24.61,11.95,18.28,24.61,25.58,9.49,7.18,14.08,11.32,25.58,11.58
339,24.25,11.95,18.10,24.25,27.58,11.49,9.18,16.08,13.32,27.58,13.06
341,18.75,11.95,15.35,18.75,0.00,13.49,11.18,8.22,9.40,13.49,12.43
343,6.13,11.95,9.04,11.95,0.00,15.49,13.18,9.56,11.00,15.49,10.05
345,18.24,11.95,15.09,18.24,0.00,17.49,15.18,10.89,12.60,17.49,10.58
347,18.31,11.95,15.13,18.31,0.00,19.49,17.18,12.22,14.20,19.49,9.09
349,6.87,11.95,9.41,11.95,0.00,16.86,19.18,12.01,14.88,19.18,7.88
351,0.00,14.11,7.05,14.11,0.00,12.34,21.18,11.17,15.17,21.18,0.13
353,0.00,17.60,8.80,17.60,0.00,0.00,23.18,7.73,13.91,23.18,2.06
355,0.00,17.50,8.75,17.50,0.00,0.00,25.18,8.39,15.11,25.18,14.39
357,0.00,7.37,3.69,7.37,0.00,0.00,26.24,8.75,15.74,26.24,27.80
359,0.00,0.00,0.00,0.00,0.00,0.00,9.12,3.04,5.47,9.12,43.16
361,0.00,0.00,0.00,0.00,0.00,0.00,0.00,0.00,0.00,0.00,46.49
363,0.00,0.00,0.00,0.00,0.00,0.00,0.00,0.00,0.00,0.00,52.80
365,0.00,0.00,0.00,0.00,0.00,0.00,0.00,0.00,0.00,0.00,55.03
367,0.00,0.00,0.00,0.00,0.00,0.00,0.00,0.00,0.00,0.00,44.32
369,0.00,0.00,0.00,0.00,0.00,0.00,0.00,0.00,0.00,0.00,28.70
371,0.00,0.00,0.00,0.00,0.00,0.00,1.73,0.58,1.04,1.73,19.82
373,0.90,6.10,3.50,6.10,0.86,1.79,3.73,2.13,2.77,3.73,15.64
375,6.52,5.86,6.19,6.52,2.86,3.79,5.73,4.13,4.77,5.73,15.55
377,11.96,5.86,8.91,11.96,4.86,5.79,7.73,6.13,6.77,7.73,14.55
379,11.82,5.86,8.84,11.82,6.86,7.79,9.73,8.13,8.77,9.73,15.04
381,11.82,5.86,8.84,11.82,8.86,9.79,11.73,10.13,10.77,11.73,13.88
383,11.82,5.86,8.84,11.82,10.86,11.79,13.73,12.13,12.77,13.73,13.25
385,16.23,5.86,11.05,16.23,12.86,13.79,15.73,14.13,14.77,15.73,11.58
387,18.75,5.86,12.31,18.75,14.86,15.79,17.73,16.13,16.77,17.73,7.36
389,18.74,5.86,12.30,18.74,16.86,17.79,19.73,18.13,18.77,19.73,3.46
391,18.74,5.86,12.30,18.74,18.86,19.79,21.73,20.13,20.77,21.73,1.92
393,18.71,10.87,14.79,18.71,20.86,21.79,23.73,22.13,22.77,23.73,7.52
395,7.97,12.65,10.31,12.65,22.86,0.00,25.73,16.20,20.01,25.73,8.01
397,0.00,12.65,6.32,12.65,16.06,0.00,27.73,14.60,19.85,27.73,0.00
399,0.00,12.65,6.32,12.65,0.00,0.00,29.73,9.91,17.84,29.73,22.31
401,0.00,9.13,4.57,9.13,0.00,0.00,31.73,10.58,19.04,31.73,35.71
403,0.00,0.00,0.00,0.00,0.00,0.00,12.14,4.05,7.29,12.14,47.58
405,0.00,0.00,0.00,0.00,0.00,0.00,0.00,0.00,0.00,0.00,49.49
407,0.00,0.00,0.00,0.00,0.00,0.00,0.00,0.00,0.00,0.00,51.83
409,0.00,0.00,0.00,0.00,0.00,0.00,0.00,0.00,0.00,0.00,48.34
411,0.00,0.00,0.00,0.00,1.50,0.00,0.00,0.50,0.30,1.50,36.24
413,1.08,0.00,0.54,1.08,3.50,0.00,0.00,1.17,0.70,3.50,25.52
415,3.15,0.92,2.03,3.15,5.50,0.12,1.77,2.46,2.19,5.50,22.78
417,5.29,5.52,5.40,5.52,7.50,2.12,3.77,4.46,4.19,7.50,18.55
419,11.26,5.37,8.31,11.26,9.50,4.12,5.77,6.46,6.19,9.50,15.02
421,11.22,11.75,11.49,11.75,11.50,6.12,7.77,8.46,8.19,11.50,10.46
423,10.45,11.48,10.97,11.48,0.00,8.12,9.77,5.96,7.49,9.77,5.80
425,6.92,11.48,9.20,11.48,0.00,10.12,11.77,7.30,9.09,11.77,0.70
427,5.62,16.30,10.96,16.30,0.00,12.12,13.77,8.63,10.69,13.77,0.00
429,5.60,17.59,11.59,17.59,0.00,14.12,15.77,9.96,12.29,15.77,0.00
431,5.60,17.59,11.59,17.59,0.00,16.12,17.77,11.30,13.89,17.77,0.00
433,5.60,17.59,11.59,17.59,0.00,18.12,19.77,12.63,15.49,19.77,0.00
435,5.50,17.59,11.54,17.59,0.00,20.12,21.77,13.96,17.09,21.77,0.00
437,0.24,17.59,8.91,17.59,0.00,22.12,23.77,15.30,18.69,23.77,8.61
439,0.00,17.59,8.79,17.59,0.00,0.00,25.77,8.59,15.46,25.77,11.45
441,0.00,17.59,8.79,17.59,0.00,0.00,27.77,9.26,16.66,27.77,18.78
443,0.00,17.59,8.79,17.59,0.00,0.00,29.77,9.92,17.86,29.77,28.19
445,0.00,17.54,8.77,17.54,0.00,0.00,31.77,10.59,19.06,31.77,32.41
447,0.00,6.59,3.30,6.59,0.00,0.00,29.08,9.69,17.45,29.08,35.28
449,0.00,0.00,0.00,0.00,0.88,0.00,24.28,8.39,14.74,24.28,41.52
451,0.55,0.00,0.27,0.55,2.88,0.00,0.00,0.96,0.58,2.88,40.46
453,3.20,0.00,1.60,3.20,4.88,0.00,0.00,1.63,0.98,4.88,42.02
455,0.00,0.00,0.00,0.00,6.88,0.00,1.01,2.63,1.98,6.88,30.00
457,0.00,0.59,0.29,0.59,8.88,0.00,3.01,3.96,3.58,8.88,21.58
459,9.75,5.29,7.52,9.75,10.88,0.00,5.01,5.30,5.18,10.88,14.47
461,17.28,6.18,11.73,17.28,12.88,0.00,7.01,6.63,6.78,12.88,8.07
463,17.17,11.56,14.37,17.17,14.88,0.00,9.01,7.96,8.38,14.88,4.40
465,17.15,11.43,14.29,17.15,78.96,0.00,11.01,29.99,22.40,78.96,4.98
467,5.76,11.43,8.60,11.43,80.96,1.64,13.01,31.87,24.33,80.96,5.64
469,0.00,11.43,5.72,11.43,13.18,3.64,15.01,10.61,12.37,15.01,8.17
471,0.55,11.43,5.99,11.43,0.00,5.64,17.01,7.55,11.33,17.01,11.76
473,4.90,11.43,8.17,11.43,0.00,7.64,19.01,8.88,12.93,19.01,16.16
475,4.75,11.43,8.09,11.43,0.00,9.64,21.01,10.22,14.53,21.01,20.12
477,4.67,11.43,8.05,11.43,0.00,11.64,23.01,11.55,16.13,23.01,27.08
479,0.21,11.43,5.82,11.43,0.00,13.64,25.01,12.88,17.73,25.01,22.60
481,0.00,11.43,5.72,11.43,0.00,0.00,27.01,9.00,16.21,27.01,14.07
483,0.00,11.43,5.72,11.43,0.00,0.00,29.01,9.67,17.41,29.01,5.03
485,0.00,16.37,8.18,16.37,0.00,0.00,31.01,10.34,18.61,31.01,11.75
487,0.00,23.10,11.55,23.10,0.00,0.00,33.01,11.00,19.81,33.01,22.33
489,0.00,22.67,11.34,22.67,0.00,0.00,29.54,9.85,17.72,29.54,35.79
491,0.00,0.00,0.00,0.00,0.00,0.00,8.43,2.81,5.06,8.43,42.39
493,0.00,0.00,0.00,0.00,0.00,0.00,9.64,3.21,5.79,9.64,45.97
495,0.00,0.00,0.00,0.00,0.00,0.00,0.00,0.00,0.00,0.00,24.62
497,0.00,0.00,0.00,0.00,0.00,0.04,0.00,0.01,0.01,0.04,7.16
499,2.15,0.00,1.07,2.15,0.00,2.04,0.00,0.68,0.41,2.04,21.23
501,5.62,0.00,2.81,5.62,0.00,4.04,0.00,1.35,0.81,4.04,32.10
503,5.57,0.00,2.78,5.57,0.00,6.04,0.00,2.01,1.21,6.04,38.22
505,5.57,0.00,2.78,5.57,0.00,8.04,0.00,2.68,1.61,8.04,38.41
507,5.57,0.00,2.78,5.57,0.00,10.04,0.00,3.35,2.01,10.04,33.35
509,5.57,0.00,2.78,5.57,0.00,12.04,0.00,4.01,2.41,12.04,28.22
511,5.57,0.00,2.78,5.57,0.00,14.04,0.18,4.74,2.91,14.04,24.44
513,5.57,1.45,3.51,5.57,0.00,16.04,2.18,6.07,4.51,16.04,22.68
515,5.57,7.29,6.43,7.29,0.00,18.04,4.18,7.41,6.11,18.04,19.87
517,5.57,11.42,8.49,11.42,0.00,20.04,6.18,8.74,7.71,20.04,15.80
519,5.47,11.34,8.41,11.34,0.00,22.04,8.18,10.07,9.31,22.04,12.85
521,0.00,14.18,7.09,14.18,0.00,24.04,10.18,11.41,10.91,24.04,13.22
523,0.00,17.17,8.59,17.17,0.00,0.78,12.18,4.32,7.46,12.18,0.00
525,0.00,17.14,8.57,17.14,0.00,0.00,14.18,4.73,8.51,14.18,0.00
527,0.00,17.14,8.57,17.14,0.00,0.00,16.18,5.39,9.71,16.18,13.13
529,0.00,17.06,8.53,17.06,0.00,0.00,18.18,6.06,10.91,18.18,27.80
531,0.00,4.80,2.40,4.80,0.00,0.00,18.19,6.06,10.92,18.19,39.18
533,0.00,0.00,0.00,0.00,0.00,0.00,12.99,4.33,7.80,12.99,43.31
535,0.00,0.00,0.00,0.00,0.00,0.00,0.00,0.00,0.00,0.00,46.71
537,0.00,0.00,0.00,0.00,0.00,0.00,0.00,0.00,0.00,0.00,48.34
539,0.00,0.00,0.00,0.00,0.00,0.00,0.00,0.00,0.00,0.00,42.58
541,0.00,0.00,0.00,0.00,0.00,0.00,1.37,0.46,0.82,1.37,34.39
543,0.00,1.27,0.64,1.27,0.00,1.48,3.37,1.62,2.32,3.37,30.34
545,2.84,5.77,4.30,5.77,0.00,3.48,5.37,2.95,3.92,5.37,26.67
547,5.24,14.35,9.79,14.35,0.00,5.48,7.37,4.28,5.52,7.37,19.38
549,5.21,19.12,12.16,19.12,0.00,7.48,9.37,5.62,7.12,9.37,12.93
551,10.66,19.06,14.86,19.06,0.00,9.48,11.37,6.95,8.72,11.37,10.50
553,11.73,25.06,18.40,25.06,0.57,11.48,13.37,8.47,10.43,13.37,7.24
555,15.22,24.82,20.02,24.82,2.57,13.48,15.37,10.47,12.43,15.37,8.53
557,23.18,24.82,24.00,24.82,4.57,15.48,17.37,12.47,14.43,17.37,10.10
559,24.42,24.82,24.62,24.82,6.57,17.48,19.37,14.47,16.43,19.37,9.30
561,24.42,24.82,24.62,24.82,8.57,19.48,21.37,16.47,18.43,21.37,8.56
563,24.42,24.82,24.62,24.82,10.57,21.48,23.37,18.47,20.43,23.37,7.41
565,24.02,28.81,26.42,28.81,12.57,19.16,25.37,19.03,21.57,25.37,8.67
567,3.36,30.61,16.99,30.61,14.57,15.17,27.37,19.04,22.37,27.37,5.19
569,0.00,30.60,15.30,30.60,16.57,0.00,29.37,15.31,20.93,29.37,2.08
571,7.32,30.60,18.96,30.60,18.57,0.00,31.37,16.64,22.53,31.37,11.78
573,10.74,30.60,20.67,30.60,20.57,0.00,28.84,16.47,21.42,28.84,21.53
575,10.72,24.95,17.84,24.95,22.57,0.00,30.11,17.56,22.58,30.11,26.82
577,10.72,0.00,5.36,10.72,24.57,0.00,26.12,16.90,20.59,26.12,30.39
579,10.72,0.00,5.36,10.72,26.57,0.00,28.12,18.23,22.19,28.12,34.57
581,10.72,0.00,5.36,10.72,28.57,0.00,16.69,15.09,15.73,28.57,37.22
583,10.72,0.00,5.36,10.72,30.57,0.00,0.00,10.19,6.11,30.57,35.10
585,14.32,0.00,7.16,14.32,32.57,0.00,0.00,10.86,6.51,32.57,27.61
587,16.35,0.00,8.18,16.35,34.57,0.00,0.00,11.52,6.91,34.57,22.08
589,16.35,1.28,8.81,16.35,36.57,0.00,1.88,12.81,8.44,36.57,19.26
591,16.35,10.31,13.33,16.35,38.57,0.00,3.88,14.15,10.04,38.57,15.85
593,16.29,17.94,17.12,17.94,24.07,0.00,5.88,9.98,8.34,24.07,18.26
595,3.86,18.42,11.14,18.42,26.07,0.00,7.88,11.31,9.94,26.07,22.01
597,0.00,18.42,9.21,18.42,14.12,1.01,9.88,8.34,8.95,14.12,22.00
599,0.00,18.42,9.21,18.42,6.28,3.01,11.88,7.06,8.99,11.88,19.66
601,0.00,18.42,9.21,18.42,56.07,5.01,13.88,24.99,20.54,56.07,13.51
603,5.10,23.94,14.52,23.94,58.07,7.01,15.88,26.99,22.54,58.07,7.87
605,5.31,24.64,14.97,24.64,60.07,9.01,17.88,28.99,24.54,60.07,3.25
607,0.89,29.43,15.16,29.43,62.07,11.01,19.88,30.99,26.54,62.07,5.52
609,0.00,31.64,15.82,31.64,64.07,1.89,21.88,29.28,26.32,64.07,9.76
611,0.00,31.63,15.82,31.63,66.07,3.89,23.88,31.28,28.32,66.07,12.17
613,0.00,31.63,15.82,31.63,68.07,5.89,25.88,33.28,30.32,68.07,17.70
615,0.00,31.63,15.82,31.63,70.07,7.89,27.88,35.28,32.32,70.07,22.73
617,0.00,31.62,15.81,31.62,72.07,9.89,29.14,37.03,33.88,72.07,23.93
619,0.00,30.37,15.19,30.37,74.07,11.89,28.92,38.29,34.54,74.07,27.50
621,0.00,5.69,2.85,5.69,76.07,13.89,21.29,37.08,30.77,76.07,28.65
623,0.00,0.00,0.00,0.00,78.07,15.89,10.72,34.89,25.22,78.07,26.93
625,3.26,0.00,1.63,3.26,80.07,17.89,12.72,36.89,27.22,80.07,26.14
627,4.71,0.00,2.35,4.71,82.07,19.89,4.79,35.59,23.27,82.07,20.42
629,4.71,5.87,5.29,5.87,84.07,21.89,6.79,37.59,25.27,84.07,14.88
631,8.04,11.41,9.73,11.41,86.07,23.89,8.79,39.59,27.27,86.07,6.61
633,11.66,11.32,11.49,11.66,88.07,25.89,10.79,41.59,29.27,88.07,1.48
635,11.63,19.72,15.67,19.72,90.07,27.89,12.79,43.59,31.27,90.07,0.06
637,11.63,24.02,17.82,24.02,92.07,29.89,14.79,45.59,33.27,92.07,0.00
639,11.63,23.96,17.80,23.96,94.07,31.89,16.79,47.59,35.27,94.07,0.00
641,11.63,23.96,17.80,23.96,96.07,33.89,18.79,49.59,37.27,96.07,0.00
643,11.63,23.96,17.80,23.96,98.07,35.89,20.79,51.59,39.27,98.07,0.00
645,11.63,23.96,17.80,23.96,100.07,37.89,22.79,53.59,41.27,100.07,0.00
647,11.63,23.96,17.80,23.96,102.07,39.89,24.79,55.59,43.27,102.07,0.00
649,11.63,23.96,17.80,23.96,104.07,41.89,26.79,57.59,45.27,104.07,1.16
651,7.84,23.96,15.90,23.96,106.07,43.89,28.79,59.59,47.27,106.07,0.00
653,0.00,23.96,11.98,23.96,108.07,0.00,30.79,46.29,40.09,108.07,0.00
655,0.00,23.96,11.98,23.96,0.00,0.00,32.79,10.93,19.68,32.79,0.00
657,0.00,23.96,11.98,23.96,0.00,0.00,34.79,11.60,20.88,34.79,8.38
659,0.00,23.96,11.98,23.96,0.00,0.00,36.79,12.26,22.08,36.79,17.84
661,0.00,23.33,11.67,23.33,0.00,0.00,37.48,12.49,22.49,37.48,30.56
663,0.00,0.00,0.00,0.00,0.00,0.00,33.51,11.17,20.10,33.51,42.00
665,0.00,0.00,0.00,0.00,0.00,0.00,32.92,10.97,19.75,32.92,54.86
667,0.00,0.00,0.00,0.00,0.00,0.00,0.00,0.00,0.00,0.00,51.91
669,0.00,0.00,0.00,0.00,0.84,0.00,0.00,0.28,0.17,0.84,40.81
671,0.00,0.00,0.00,0.00,2.84,0.00,0.00,0.95,0.57,2.84,23.87
673,1.59,0.00,0.79,1.59,4.84,0.00,0.00,1.61,0.97,4.84,15.01
675,0.00,1.97,0.99,1.97,0.00,0.00,1.12,0.37,0.67,1.12,3.19
677,4.66,5.07,4.87,5.07,0.00,1.69,3.12,1.60,2.21,3.12,0.06
679,9.89,5.00,7.45,9.89,0.00,3.69,5.12,2.94,3.81,5.12,2.46
681,9.02,5.00,7.01,9.02,0.00,5.69,7.12,4.27,5.41,7.12,1.93
683,6.11,5.00,5.56,6.11,0.00,7.69,9.12,5.60,7.01,9.12,0.00
685,5.32,5.00,5.16,5.32,0.00,9.69,11.12,6.94,8.61,11.12,0.00
687,5.31,5.00,5.16,5.31,0.00,11.69,13.12,8.27,10.21,13.12,0.00
689,5.31,5.00,5.16,5.31,0.00,13.69,15.12,9.60,11.81,15.12,0.00
691,5.31,5.00,5.16,5.31,0.00,15.69,17.12,10.94,13.41,17.12,0.00
693,5.31,5.00,5.16,5.31,0.00,17.69,19.12,12.27,15.01,19.12,0.00
695,4.98,5.00,4.99,5.00,0.00,19.69,21.12,13.60,16.61,21.12,0.00
697,0.00,5.00,2.50,5.00,0.00,21.69,23.12,14.94,18.21,23.12,17.64
699,0.00,5.00,2.50,5.00,0.00,0.00,25.12,8.37,15.07,25.12,23.88
701,0.00,5.00,2.50,5.00,0.00,0.00,27.12,9.04,16.27,27.12,31.42
703,0.00,5.00,2.50,5.00,0.00,0.00,29.12,9.71,17.47,29.12,34.92
705,0.00,4.90,2.45,4.90,0.00,0.00,31.12,10.37,18.67,31.12,44.92
707,0.00,0.21,0.10,0.21,0.00,0.00,33.12,11.04,19.87,33.12,46.47
709,0.00,0.00,0.00,0.00,0.44,0.00,0.00,0.15,0.09,0.44,41.66
711,0.70,0.00,0.35,0.70,2.44,0.00,0.00,0.81,0.49,2.44,44.16
713,1.27,0.00,0.64,1.27,4.44,0.00,0.00,1.48,0.89,4.44,34.48
715,2.62,0.00,1.31,2.62,0.43,0.00,0.00,0.14,0.09,0.43,26.35
717,9.93,2.14,6.04,9.93,2.43,0.00,1.40,1.28,1.33,2.43,23.83
719,12.27,5.76,9.02,12.27,4.43,1.24,3.40,3.02,3.17,4.43,22.29
721,16.26,5.74,11.00,16.26,6.43,3.24,5.40,5.02,5.17,6.43,19.29
723,16.21,5.74,10.97,16.21,8.43,5.24,7.40,7.02,7.17,8.43,13.01
725,16.21,5.74,10.97,16.21,10.43,7.24,9.40,9.02,9.17,10.43,6.38
727,16.16,8.99,12.57,16.16,12.43,9.24,11.40,11.02,11.17,12.43,4.21
729,4.59,16.27,10.43,16.27,14.43,11.24,13.40,13.02,13.17,14.43,1.73
731,2.11,18.96,10.53,18.96,84.73,13.24,15.40,37.79,28.83,84.73,0.09
733,5.53,18.95,12.24,18.95,86.73,15.24,17.40,39.79,30.83,86.73,0.00
735,5.48,18.95,12.21,18.95,88.73,17.24,19.40,41.79,32.83,88.73,0.00
737,5.48,18.95,12.21,18.95,90.73,19.24,21.40,43.79,34.83,90.73,0.00
739,5.39,18.95,12.17,18.95,92.73,21.24,23.40,45.79,36.83,92.73,0.00
741,0.24,18.95,9.59,18.95,94.73,23.24,25.40,47.79,38.83,94.73,0.00
743,0.00,18.95,9.47,18.95,96.73,0.00,27.40,41.38,35.79,96.73,0.00
745,0.00,18.95,9.47,18.95,98.73,0.00,29.40,42.71,37.39,98.73,9.47
747,0.00,18.95,9.47,18.95,100.73,0.00,31.40,44.04,38.99,100.73,20.59
749,0.00,18.87,9.44,18.87,102.73,0.00,33.40,45.38,40.59,102.73,31.68
751,0.00,5.34,2.67,5.34,104.73,0.00,26.50,43.74,36.84,104.73,37.62
753,0.00,0.00,0.00,0.00,106.73,0.00,26.94,44.55,37.51,106.73,50.57
755,0.00,0.00,0.00,0.00,108.73,0.00,0.00,36.24,21.75,108.73,49.91
757,0.00,0.00,0.00,0.00,110.73,0.00,0.00,36.91,22.15,110.73,46.69
759,0.00,0.00,0.00,0.00,112.73,0.00,1.69,38.14,23.56,112.73,43.15
761,0.00,0.00,0.00,0.00,114.73,0.00,0.00,38.24,22.95,114.73,34.93
763,2.75,0.00,1.37,2.75,116.73,0.00,0.00,38.91,23.35,116.73,22.51
765,5.05,0.00,2.52,5.05,118.73,0.00,1.86,40.19,24.86,118.73,8.94
767,5.02,3.62,4.32,5.02,120.73,0.00,3.06,41.26,25.98,120.73,1.83
769,5.02,9.23,7.12,9.23,122.73,0.00,5.06,42.60,27.58,122.73,0.00
771,5.02,12.33,8.67,12.33,124.73,0.00,7.06,43.93,29.18,124.73,0.00
773,5.02,12.30,8.66,12.30,126.73,0.00,9.06,45.26,30.78,126.73,0.00
775,4.48,12.30,8.39,12.30,128.73,0.00,11.06,46.60,32.38,128.73,0.00
777,0.00,12.30,6.15,12.30,0.00,0.00,13.06,4.35,7.84,13.06,0.00
779,0.00,12.30,6.15,12.30,0.00,0.00,15.06,5.02,9.04,15.06,12.28
781,0.00,12.30,6.15,12.30,0.00,0.00,17.06,5.69,10.24,17.06,16.10
783,0.00,12.30,6.15,12.30,0.00,0.00,19.06,6.35,11.44,19.06,19.40
785,0.00,12.30,6.15,12.30,0.00,0.00,21.06,7.02,12.64,21.06,23.37
787,0.00,12.30,6.15,12.30,0.00,0.00,23.06,7.69,13.84,23.06,24.09
789,0.00,12.30,6.15,12.30,0.00,0.00,25.06,8.35,15.04,25.06,25.33
791,0.00,12.30,6.15,12.30,0.00,0.00,27.06,9.02,16.24,27.06,25.07
793,0.00,16.90,8.45,16.90,0.00,0.00,29.06,9.69,17.44,29.06,22.84
795,0.00,18.11,9.06,18.11,0.00,0.00,31.06,10.35,18.64,31.06,18.51
797,0.00,18.11,9.05,18.11,0.00,0.00,33.06,11.02,19.84,33.06,11.32
799,0.00,22.72,11.36,22.72,0.00,0.00,35.06,11.69,21.04,35.06,12.86
801,0.00,28.98,14.49,28.98,0.00,0.00,37.06,12.35,22.24,37.06,15.96
803,0.00,33.91,16.95,33.91,0.00,0.00,35.79,11.93,21.47,35.79,22.36
805,0.00,36.52,18.26,36.52,0.00,0.00,14.09,4.70,8.45,14.09,24.51
807,0.00,33.58,16.79,33.58,0.00,0.00,9.29,3.10,5.57,9.29,23.40
809,0.00,0.00,0.00,0.00,0.87,0.00,135.30,45.39,81.35,135.30,18.57
811,0.00,2.91,1.45,2.91,2.87,0.00,137.30,46.72,82.95,137.30,5.60
813,0.57,8.15,4.36,8.15,4.87,0.00,139.30,48.06,84.55,139.30,0.32
815,5.09,11.08,8.09,11.08,6.87,0.00,141.30,49.39,86.15,141.30,0.00
817,4.16,11.05,7.61,11.05,8.87,0.00,143.30,50.72,87.75,143.30,0.00
819,0.00,11.05,5.53,11.05,0.84,0.00,145.30,48.71,87.35,145.30,0.00
821,0.00,11.05,5.53,11.05,2.84,0.00,147.30,50.04,88.95,147.30,0.00
823,0.00,11.05,5.53,11.05,4.84,0.00,149.30,51.38,90.55,149.30,0.00
825,0.00,11.05,5.53,11.05,6.84,0.00,151.30,52.71,92.15,151.30,0.00
827,0.00,11.05,5.53,11.05,8.84,0.00,153.30,54.04,93.75,153.30,0.00
829,0.00,11.05,5.53,11.05,10.84,0.00,155.30,55.38,95.35,155.30,12.77
831,0.00,11.05,5.53,11.05,12.84,0.00,157.30,56.71,96.95,157.30,22.36
833,0.00,11.05,5.53,11.05,14.84,0.00,159.30,58.04,98.55,159.30,29.38
835,0.00,11.05,5.53,11.05,16.84,0.00,161.30,59.38,100.15,161.30,30.00
837,0.00,11.05,5.53,11.05,18.84,0.00,163.30,60.71,101.75,163.30,28.14
839,0.00,11.05,5.53,11.05,20.84,0.00,165.30,62.04,103.35,165.30,22.58
841,0.00,11.05,5.53,11.05,22.84,0.00,167.30,63.38,104.95,167.30,20.50
843,0.00,8.91,4.46,8.91,24.84,0.00,169.30,64.71,106.55,169.30,18.50
845,0.00,0.00,0.00,0.00,26.84,0.00,43.47,23.44,31.45,43.47,16.40
847,0.00,0.00,0.00,0.00,28.84,0.00,6.36,11.73,9.58,28.84,17.15
849,0.00,0.00,0.00,0.00,30.84,0.00,6.70,12.51,10.19,30.84,24.83
851,0.00,0.00,0.00,0.00,32.84,0.00,8.70,13.85,11.79,32.84,27.82
853,0.00,1.61,0.81,1.61,34.84,0.00,6.49,13.78,10.86,34.84,28.35
855,0.00,5.90,2.95,5.90,36.84,0.00,8.49,15.11,12.46,36.84,27.71
857,0.00,5.81,2.91,5.81,38.84,0.00,10.49,16.44,14.06,38.84,22.88
859,0.00,5.81,2.91,5.81,40.84,0.00,12.49,17.78,15.66,40.84,17.96
861,0.00,5.81,2.91,5.81,42.84,0.00,14.49,19.11,17.26,42.84,8.04
863,0.00,16.28,8.14,16.28,44.84,1.01,16.49,20.78,19.07,44.84,1.34
865,3.61,18.32,10.97,18.32,46.84,3.01,18.49,22.78,21.07,46.84,0.00
867,5.66,18.30,11.98,18.30,48.84,5.01,20.49,24.78,23.07,48.84,0.00
869,5.65,18.30,11.98,18.30,50.84,7.01,22.49,26.78,25.07,50.84,0.00
871,5.65,18.30,11.98,18.30,52.84,9.01,24.49,28.78,27.07,52.84,0.00
873,5.65,18.30,11.98,18.30,54.84,11.01,26.49,30.78,29.07,54.84,0.00
875,5.65,18.30,11.98,18.30,56.84,13.01,28.49,32.78,31.07,56.84,0.00
877,5.58,18.30,11.94,18.30,58.84,15.01,30.49,34.78,33.07,58.84,11.86
879,0.74,18.30,9.52,18.30,60.84,17.01,32.49,36.78,35.07,60.84,19.85
881,0.00,18.30,9.15,18.30,62.84,0.00,34.49,32.44,33.26,62.84,25.77
883,0.00,18.30,9.15,18.30,64.84,0.00,36.49,33.78,34.86,64.84,29.23
885,0.00,18.30,9.15,18.30,66.84,0.00,38.49,35.11,36.46,66.84,35.99
887,0.00,15.12,7.56,15.12,68.84,0.00,40.49,36.44,38.06,68.84,41.68
889,0.00,0.00,0.00,0.00,70.84,0.00,35.22,35.35,35.30,70.84,45.87
891,0.00,0.00,0.00,0.00,72.84,0.00,0.91,24.58,15.11,72.84,45.90
893,0.00,0.00,0.00,0.00,74.84,0.00,0.16,25.00,15.06,74.84,38.32
895,2.05,0.00,1.02,2.05,76.84,0.00,2.16,26.33,16.66,76.84,44.14
897,1.65,0.00,0.83,1.65,78.84,0.00,0.00,26.28,15.77,78.84,34.03
899,0.00,0.00,0.00,0.00,80.84,0.00,0.66,27.17,16.56,80.84,30.67
901,0.00,2.39,1.20,2.39,82.84,0.00,2.66,28.50,18.16,82.84,31.31
903,8.27,5.53,6.90,8.27,84.84,0.00,4.66,29.83,19.76,84.84,31.06
905,10.02,5.49,7.75,10.02,86.84,0.00,6.66,31.17,21.36,86.84,24.54
907,10.02,5.49,7.75,10.02,88.84,0.00,8.66,32.50,22.96,88.84,15.02
909,6.75,9.08,7.91,9.08,8.94,0.00,10.66,6.53,8.18,10.66,10.05
911,0.00,13.46,6.73,13.46,10.94,0.00,12.66,7.87,9.78,12.66,6.96
913,0.00,18.47,9.23,18.47,4.37,0.00,14.66,6.34,9.67,14.66,0.00
915,0.00,18.38,9.19,18.38,,0.00,16.66,,,,0.00
917,0.00,18.38,9.19,18.38,,0.00,18.66,,,,0.00
919,0.00,18.38,9.19,18.38,,0.00,20.66,,,,6.57
921,0.00,18.38,9.19,18.38,,0.00,22.66,,,,9.15
923,0.00,18.38,9.19,18.38,,0.00,24.66,,,,16.64
925,0.00,18.38,9.19,18.38,,0.00,26.66,,,,20.43
927,0.00,18.38,9.19,18.38,,0.00,28.66,,,,30.86
929,0.00,18.26,9.13,18.26,,0.00,30.66,,,,39.12
931,0.00,3.43,1.72,3.43,,0.00,23.36,,,,35.09
933,0.00,0.00,0.00,0.00,,0.91,22.95,,,,26.13
935,4.00,0.00,2.00,4.00,,2.91,0.00,,,,23.86
937,5.78,0.00,2.89,5.78,,4.91,0.20,,,,34.97
939,5.77,0.00,2.88,5.77,,6.91,0.00,,,,41.37
941,5.77,0.00,2.88,5.77,,8.91,0.00,,,,39.21
943,5.77,0.00,2.88,5.77,,10.91,0.00,,,,37.56
945,5.77,0.00,2.88,5.77,,12.91,0.00,,,,31.88
947,5.77,1.52,3.64,5.77,,14.91,1.47,,,,22.51
949,5.77,5.48,5.62,5.77,,16.91,3.47,,,,12.71
951,5.77,10.36,8.06,10.36,,18.91,5.47,,,,4.48
953,5.77,15.77,10.77,15.77,,20.91,7.47,,,,0.56
955,5.77,22.93,14.35,22.93,,22.91,9.47,,,,0.00
957,5.77,24.13,14.95,24.13,,24.91,11.47,,,,0.00
959,5.77,24.13,14.95,24.13,,26.91,13.47,,,,0.00
961,5.77,24.13,14.95,24.13,,28.91,15.47,,,,0.00
963,5.69,24.13,14.91,24.13,,30.91,17.47,,,,0.00
965,0.75,24.13,12.44,24.13,,32.91,19.47,,,,0.00
967,0.00,24.13,12.06,24.13,,,21.47,,,,0.00
969,0.00,24.13,12.06,24.13,,,23.47,,,,0.00
971,0.00,24.13,12.06,24.13,,,25.47,,,,9.88
973,0.00,24.13,12.06,24.13,,,27.47,,,,22.71
975,0.00,23.78,11.89,23.78,,,25.92,,,,34.14
977,0.00,1.12,0.56,1.12,,,26.07,,,,41.51
979,0.00,0.28,0.14,0.28,,,,,,,38.10
981,0.00,5.02,2.51,5.02,,,,,,,35.27
983,0.00,4.89,2.45,4.89,,,,,,,25.30
985,0.89,4.89,2.89,4.89,,,,,,,12.41
987,5.34,4.89,5.11,5.34,,,,,,,11.59
989,5.20,10.25,7.73,10.25,,,,,,,11.02
991,5.20,18.06,11.63,18.06,,,,,,,11.76
993,5.20,17.87,11.54,17.87,,,,,,,11.16
995,5.20,17.87,11.54,17.87,,,,,,,11.99
997,5.20,17.87,11.54,17.87,,,,,,,10.72
999,5.20,17.87,11.54,17.87,,,,,,,10.23
1001,5.20,23.28,14.24,23.28,,,,,,,8.17
