time,queue_main,queue_right,queue_avg,queue_max,delay_route_1,delay_route_2,delay_route_3,delay_avg_1,delay_avg_2,delay_max,speed
1,0.00,0.00,0.00,0.00,0.00,0.00,0.00,0.00,0.00,0.00,60.00
3,0.00,0.00,0.00,0.00,0.00,0.00,0.00,0.00,0.00,0.00,60.00
5,0.00,0.00,0.00,0.00,0.00,0.00,0.00,0.00,0.00,0.00,60.00
7,0.00,0.00,0.00,0.00,0.00,0.00,0.00,0.00,0.00,0.00,60.00
9,0.00,0.00,0.00,0.00,0.00,0.00,0.00,0.00,0.00,0.00,60.00
11,0.00,0.00,0.00,0.00,0.00,0.00,0.00,0.00,0.00,0.00,60.00
13,0.00,0.00,0.00,0.00,0.00,0.00,0.00,0.00,0.00,0.00,60.00
15,0.00,0.00,0.00,0.00,0.00,0.00,0.00,0.00,0.00,0.00,60.00
17,0.00,0.00,0.00,0.00,0.00,0.00,0.00,0.00,0.00,0.00,40.52
19,0.00,0.00,0.00,0.00,0.00,0.00,0.00,0.00,0.00,0.00,54.65
21,0.00,0.00,0.00,0.00,0.00,0.00,0.00,0.00,0.00,0.00,66.90
23,0.00,0.00,0.00,0.00,0.00,0.00,0.00,0.00,0.00,0.00,64.26
25,0.00,0.00,0.00,0.00,0.00,0.00,0.00,0.00,0.00,0.00,43.57
27,0.00,0.00,0.00,0.00,0.00,0.00,0.00,0.00,0.00,0.00,23.72
29,0.00,0.00,0.00,0.00,0.00,0.31,0.00,0.10,0.13,0.31,26.07
31,1.90,0.00,0.95,1.90,0.00,2.31,0.00,0.77,0.99,2.31,28.19
33,4.87,0.00,2.43,4.87,0.00,4.31,0.00,1.44,1.85,4.31,32.80
35,4.70,0.00,2.35,4.70,0.00,6.31,0.00,2.10,2.71,6.31,57.27
37,0.39,0.00,0.19,0.39,0.00,8.31,0.00,2.77,3.56,8.31,65.18
39,0.00,0.00,0.00,0.00,0.00,0.00,0.00,0.00,0.00,0.00,60.00
41,0.00,0.00,0.00,0.00,0.00,0.98,0.00,0.33,0.42,0.98,60.00
43,0.00,0.00,0.00,0.00,0.00,0.00,0.00,0.00,0.00,0.00,60.00
45,0.00,0.00,0.00,0.00,0.00,0.00,0.00,0.00,0.00,0.00,60.00
47,0.00,0.00,0.00,0.00,0.00,0.00,0.00,0.00,0.00,0.00,60.00
49,0.00,0.00,0.00,0.00,0.00,0.00,0.00,0.00,0.00,0.00,43.10
51,0.00,0.00,0.00,0.00,0.00,0.00,0.00,0.00,0.00,0.00,54.05
53,0.00,0.00,0.00,0.00,0.00,0.00,0.00,0.00,0.00,0.00,58.38
55,0.00,0.00,0.00,0.00,0.00,0.00,0.00,0.00,0.00,0.00,61.71
57,0.00,0.00,0.00,0.00,0.00,0.00,0.00,0.00,0.00,0.00,54.30
59,0.00,0.00,0.00,0.00,0.00,0.00,0.00,0.00,0.00,0.00,46.17
61,0.00,0.00,0.00,0.00,0.00,0.00,1.03,0.34,0.44,1.03,33.59
63,0.00,1.69,0.84,1.69,0.00,0.00,3.03,1.01,1.30,3.03,23.25
65,0.00,10.74,5.37,10.74,0.00,0.00,5.03,1.68,2.16,5.03,33.50
67,0.00,7.60,3.80,7.60,0.00,1.91,7.03,2.98,3.83,7.03,60.00
69,0.00,0.00,0.00,0.00,0.00,0.04,7.26,2.43,3.13,7.26,41.00
71,0.00,0.00,0.00,0.00,0.00,0.00,0.00,0.00,0.00,0.00,51.02
73,0.00,0.00,0.00,0.00,0.00,0.00,0.00,0.00,0.00,0.00,59.92
75,0.00,0.00,0.00,0.00,0.00,0.00,0.00,0.00,0.00,0.00,61.72
77,0.00,0.00,0.00,0.00,0.00,0.00,0.00,0.00,0.00,0.00,40.34
79,0.00,0.00,0.00,0.00,0.00,0.00,0.00,0.00,0.00,0.00,19.34
81,0.00,0.00,0.00,0.00,0.00,0.00,0.13,0.04,0.06,0.13,3.93
83,0.00,3.75,1.87,3.75,0.00,0.00,2.13,0.71,0.91,2.13,0.00
85,0.00,5.36,2.68,5.36,0.00,0.00,4.13,1.38,1.77,4.13,0.00
87,0.00,5.35,2.68,5.35,0.00,0.00,6.13,2.04,2.63,6.13,0.00
89,0.00,5.35,2.68,5.35,0.00,0.00,8.13,2.71,3.49,8.13,0.00
91,0.00,5.35,2.68,5.35,0.00,0.00,10.13,3.38,4.34,10.13,28.44
93,0.00,5.35,2.68,5.35,0.00,0.00,12.13,4.04,5.20,12.13,32.45
95,0.00,5.35,2.68,5.35,0.00,0.00,14.13,4.71,6.06,14.13,31.82
97,0.00,5.35,2.68,5.35,0.00,0.00,16.13,5.38,6.91,16.13,23.70
99,0.00,5.35,2.68,5.35,0.00,0.00,18.13,6.04,7.77,18.13,13.59
101,0.00,5.35,2.68,5.35,0.00,0.00,20.13,6.71,8.63,20.13,4.87
103,0.00,6.40,3.20,6.40,0.00,0.00,22.13,7.38,9.49,22.13,0.44
105,0.00,11.69,5.84,11.69,0.00,0.00,24.13,8.04,10.34,24.13,5.14
107,0.00,8.81,4.40,8.81,0.00,0.00,26.13,8.71,11.20,26.13,60.00
109,0.00,0.00,0.00,0.00,0.00,0.00,8.14,2.71,3.49,8.14,60.00
111,0.00,0.00,0.00,0.00,0.00,0.00,0.00,0.00,0.00,0.00,60.00
113,0.00,0.00,0.00,0.00,0.00,0.00,0.00,0.00,0.00,0.00,60.00
115,0.00,0.00,0.00,0.00,0.00,0.00,0.00,0.00,0.00,0.00,60.00
117,0.00,0.00,0.00,0.00,0.00,0.00,0.00,0.00,0.00,0.00,60.00
119,0.00,0.00,0.00,0.00,0.00,0.00,0.00,0.00,0.00,0.00,39.28
121,0.00,0.00,0.00,0.00,0.00,0.00,0.00,0.00,0.00,0.00,42.93
123,0.00,0.00,0.00,0.00,0.00,0.00,0.00,0.00,0.00,0.00,52.04
125,0.00,0.00,0.00,0.00,0.00,0.00,0.00,0.00,0.00,0.00,54.84
127,0.00,0.00,0.00,0.00,0.00,0.00,0.00,0.00,0.00,0.00,50.85
129,0.00,0.00,0.00,0.00,0.00,0.00,0.00,0.00,0.00,0.00,44.80
131,0.00,0.00,0.00,0.00,0.00,0.00,0.00,0.00,0.00,0.00,37.08
133,0.00,0.00,0.00,0.00,0.39,0.00,0.00,0.13,0.06,0.39,16.06
135,0.00,0.00,0.00,0.00,0.00,0.00,0.85,0.28,0.37,0.85,2.36
137,0.00,4.27,2.13,4.27,0.00,0.00,2.85,0.95,1.22,2.85,0.00
139,0.00,5.04,2.52,5.04,0.00,0.00,4.85,1.62,2.08,4.85,0.00
141,0.00,5.04,2.52,5.04,0.00,0.00,6.85,2.28,2.94,6.85,0.00
143,0.00,5.04,2.52,5.04,0.00,0.00,8.85,2.95,3.79,8.85,0.00
145,0.00,5.04,2.52,5.04,0.00,0.00,10.85,3.62,4.65,10.85,0.00
147,0.00,5.04,2.52,5.04,0.00,0.00,12.85,4.28,5.51,12.85,0.00
149,0.00,5.04,2.52,5.04,0.00,0.00,14.85,4.95,6.37,14.85,19.06
151,0.00,5.04,2.52,5.04,0.00,0.00,16.85,5.62,7.22,16.85,23.96
153,0.00,5.04,2.52,5.04,0.00,0.00,18.85,6.28,8.08,18.85,33.54
155,0.00,5.04,2.52,5.04,0.00,0.00,20.85,6.95,8.94,20.85,37.66
157,0.00,5.04,2.52,5.04,0.00,0.00,22.85,7.62,9.79,22.85,35.85
159,0.00,5.04,2.52,5.04,0.00,0.00,24.85,8.28,10.65,24.85,31.41
161,0.00,5.04,2.52,5.04,0.00,0.00,26.85,8.95,11.51,26.85,24.55
163,0.00,6.45,3.23,6.45,0.00,0.00,28.85,9.62,12.37,28.85,19.72
165,0.00,11.53,5.77,11.53,0.00,1.37,30.85,10.74,13.81,30.85,21.52
167,3.94,10.21,7.08,10.21,0.00,3.37,32.85,12.07,15.52,32.85,20.81
169,5.25,0.00,2.63,5.25,0.00,5.37,7.98,4.45,5.72,7.98,17.75
171,5.25,0.00,2.62,5.25,0.00,7.37,0.85,2.74,3.52,7.37,0.00
173,5.25,0.00,2.62,5.25,0.00,9.37,0.00,3.12,4.02,9.37,0.00
175,5.25,0.00,2.62,5.25,0.00,11.37,0.00,3.79,4.87,11.37,0.00
177,5.25,0.00,2.62,5.25,0.00,13.37,0.00,4.46,5.73,13.37,0.00
179,5.25,0.00,2.62,5.25,0.00,15.37,0.00,5.12,6.59,15.37,19.08
181,5.25,0.00,2.62,5.25,0.00,17.37,0.00,5.79,7.44,17.37,30.65
183,5.25,0.00,2.62,5.25,0.00,19.37,0.00,6.46,8.30,19.37,37.82
185,5.25,0.00,2.62,5.25,0.00,21.37,0.00,7.12,9.16,21.37,39.13
187,5.25,0.00,2.62,5.25,0.00,23.37,0.00,7.79,10.02,23.37,33.83
189,5.25,0.00,2.62,5.25,0.00,25.37,0.00,8.46,10.87,25.37,27.69
191,5.25,0.00,2.62,5.25,0.00,27.37,0.00,9.12,11.73,27.37,20.44
193,5.25,1.49,3.37,5.25,0.00,29.37,1.61,10.33,13.28,29.37,22.04
195,5.15,7.11,6.13,7.11,0.00,31.37,3.61,11.66,14.99,31.37,33.00
197,0.22,9.87,5.04,9.87,0.00,33.37,5.61,12.99,16.70,33.37,32.40
199,0.00,9.84,4.92,9.84,0.00,0.00,7.61,2.54,3.26,7.61,29.12
201,0.00,9.84,4.92,9.84,0.00,0.00,9.61,3.20,4.12,9.61,24.00
203,0.00,13.50,6.75,13.50,0.00,0.00,11.61,3.87,4.97,11.61,20.22
205,0.00,16.73,8.36,16.73,0.00,0.00,13.61,4.54,5.83,13.61,19.36
207,0.00,25.18,12.59,25.18,0.00,0.00,15.61,5.20,6.69,15.61,19.80
209,0.00,29.84,14.92,29.84,0.00,0.00,17.61,5.87,7.55,17.61,16.55
211,0.00,29.80,14.90,29.80,0.00,0.00,19.61,6.54,8.40,19.61,11.14
213,0.00,34.76,17.38,34.76,0.00,0.00,21.61,7.20,9.26,21.61,6.14
215,0.00,41.13,20.56,41.13,0.00,0.00,23.61,7.87,10.12,23.61,3.23
217,0.00,46.69,23.35,46.69,0.00,0.00,25.61,8.54,10.97,25.61,2.99
219,0.00,52.55,26.27,52.55,0.00,0.00,25.83,8.61,11.07,25.83,5.32
221,0.00,53.41,26.70,53.41,0.00,0.00,19.60,6.53,8.40,19.60,11.39
223,0.00,53.41,26.70,53.41,0.00,0.00,18.16,6.05,7.78,18.16,17.09
225,0.00,52.68,26.34,52.68,0.00,0.00,19.28,6.43,8.26,19.28,19.69
227,0.00,44.76,22.38,44.76,0.00,0.00,21.28,7.09,9.12,21.28,19.58
229,0.00,16.52,8.26,16.52,0.00,0.00,23.28,7.76,9.98,23.28,15.97
231,0.00,22.34,11.17,22.34,0.00,0.00,25.28,8.43,10.84,25.28,12.75
233,0.00,27.61,13.80,27.61,0.00,0.00,27.28,9.09,11.69,27.28,10.45
235,0.00,29.06,14.53,29.06,0.00,1.51,29.28,10.26,13.20,29.28,5.70
237,1.24,29.06,15.15,29.06,0.00,3.51,31.28,11.60,14.91,31.28,5.03
239,9.99,29.05,19.52,29.05,0.00,5.51,27.51,11.01,14.15,27.51,8.29
241,12.39,22.50,17.44,22.50,0.00,7.51,28.74,12.08,15.54,28.74,19.33
243,12.38,0.90,6.64,12.38,0.00,9.51,24.99,11.50,14.79,24.99,20.84
245,12.38,6.21,9.29,12.38,0.00,11.51,26.99,12.83,16.50,26.99,26.13
247,12.38,11.24,11.81,12.38,0.00,13.51,28.99,14.17,18.21,28.99,28.47
249,12.38,11.06,11.72,12.38,0.00,15.51,30.99,15.50,19.93,30.99,23.31
251,12.38,11.06,11.72,12.38,0.00,17.51,32.99,16.83,21.64,32.99,15.52
253,12.38,11.06,11.72,12.38,0.00,19.51,34.99,18.17,23.36,34.99,6.65
255,14.46,17.29,15.88,17.29,0.00,21.51,36.99,19.50,25.07,36.99,4.04
257,23.66,17.34,20.50,23.66,0.00,23.51,38.99,20.83,26.79,38.99,3.21
259,22.93,22.15,22.54,22.93,0.00,23.53,40.99,21.51,27.65,40.99,11.46
261,0.00,23.87,11.94,23.87,0.00,9.22,42.99,17.40,22.37,42.99,15.20
263,0.00,23.87,11.94,23.87,0.00,8.86,44.99,17.95,23.08,44.99,18.94
265,0.00,23.87,11.94,23.87,0.00,0.00,46.99,15.66,20.14,46.99,29.37
267,0.00,23.87,11.94,23.87,0.00,0.00,48.99,16.33,21.00,48.99,38.40
269,0.00,23.07,11.54,23.07,0.00,0.00,49.91,16.64,21.39,49.91,36.83
271,0.00,8.07,4.04,8.07,0.00,0.00,19.43,6.48,8.33,19.43,34.58
273,1.28,0.00,0.64,1.28,0.00,1.61,16.98,6.20,7.97,16.98,21.85
275,5.76,5.46,5.61,5.76,0.00,3.61,18.98,7.53,9.68,18.98,14.14
277,13.61,5.30,9.46,13.61,1.92,5.61,20.98,9.51,11.67,20.98,7.05
279,23.63,5.30,14.46,23.63,3.92,7.61,22.98,11.51,13.67,22.98,7.70
281,25.07,5.30,15.18,25.07,5.92,9.61,24.98,13.51,15.67,24.98,11.07
283,30.61,5.30,17.95,30.61,7.92,11.61,26.98,15.51,17.67,26.98,12.91
285,31.69,5.30,18.49,31.69,9.92,13.61,28.98,17.51,19.67,28.98,15.76
287,31.68,5.30,18.49,31.68,11.92,15.61,30.98,19.51,21.67,30.98,16.70
289,31.68,5.30,18.49,31.68,13.92,12.54,32.98,19.81,21.50,32.98,17.59
291,15.53,5.30,10.41,15.53,14.68,14.54,34.98,21.40,23.32,34.98,18.04
293,0.00,5.30,2.65,5.30,0.00,16.54,36.98,17.84,22.94,36.98,16.26
295,0.31,5.30,2.80,5.30,0.00,14.04,38.98,17.67,22.72,38.98,5.22
297,9.56,5.30,7.43,9.56,0.00,16.04,40.98,19.01,24.44,40.98,0.39
299,11.71,11.75,11.73,11.75,0.00,18.04,42.98,20.34,26.15,42.98,14.17
301,11.70,11.83,11.76,11.83,0.00,20.04,44.98,21.67,27.86,44.98,15.84
303,11.70,11.83,11.76,11.83,0.00,22.04,46.98,23.01,29.58,46.98,17.59
305,11.70,11.83,11.76,11.83,0.00,24.04,48.98,24.34,31.29,48.98,16.77
307,11.70,11.83,11.76,11.83,0.00,26.04,50.98,25.67,33.01,50.98,13.81
309,11.70,11.83,11.76,11.83,0.00,28.04,52.98,27.01,34.72,52.98,8.49
311,11.70,11.83,11.76,11.83,0.00,30.04,54.98,28.34,36.44,54.98,2.83
313,17.04,11.83,14.43,17.04,0.00,32.04,56.98,29.67,38.15,56.98,5.55
315,23.88,11.83,17.85,23.88,0.00,34.04,58.98,31.01,39.86,58.98,6.46
317,24.31,11.83,18.07,24.31,0.00,36.04,60.98,32.34,41.58,60.98,11.30
319,24.31,11.83,18.07,24.31,0.00,38.04,62.98,33.67,43.29,62.98,13.28
321,24.31,11.83,18.07,24.31,0.00,40.04,64.98,35.01,45.01,64.98,12.55
323,24.31,11.83,18.07,24.31,0.00,42.04,66.98,36.34,46.72,66.98,10.13
325,24.31,11.83,18.07,24.31,0.00,44.04,68.98,37.67,48.44,68.98,6.86
327,24.31,15.64,19.98,24.31,0.00,46.04,70.98,39.01,50.15,70.98,6.67
329,24.00,17.80,20.90,24.00,0.00,39.65,72.98,37.54,48.27,72.98,10.30
331,4.49,23.21,13.85,23.21,0.00,21.68,74.98,32.22,41.42,74.98,15.22
333,0.00,24.68,12.34,24.68,0.00,22.16,76.98,33.05,42.49,76.98,17.51
335,5.72,24.68,15.20,24.68,0.00,24.16,78.98,34.38,44.20,78.98,19.14
337,5.54,24.68,15.11,24.68,0.00,26.16,80.98,35.71,45.92,80.98,16.62
339,5.54,24.68,15.11,24.68,0.00,28.16,82.98,37.05,47.63,82.98,12.61
341,5.54,24.68,15.11,24.68,0.00,30.16,84.98,38.38,49.35,84.98,10.39
343,5.54,30.66,18.10,30.66,0.00,32.16,86.98,39.71,51.06,86.98,10.54
345,5.46,36.90,21.18,36.90,0.00,34.16,88.98,41.05,52.77,88.98,13.08
347,0.92,42.80,21.86,42.80,0.00,36.16,90.98,42.38,54.49,90.98,15.15
349,0.00,43.86,21.93,43.86,0.00,0.00,56.19,18.73,24.08,56.19,13.47
351,0.00,43.86,21.93,43.86,0.00,0.00,26.21,8.74,11.23,26.21,12.28
353,0.00,45.59,22.80,45.59,0.00,0.00,23.95,7.98,10.27,23.95,6.37
355,0.00,53.35,26.68,53.35,0.00,1.99,25.95,9.32,11.98,25.95,6.12
357,0.00,53.03,26.52,53.03,0.00,3.99,27.95,10.65,13.69,27.95,7.63
359,0.00,20.27,10.13,20.27,0.00,5.99,29.95,11.98,15.41,29.95,12.65
361,0.00,24.84,12.42,24.84,0.00,7.99,31.95,13.32,17.12,31.95,13.77
363,0.00,28.71,14.36,28.71,0.00,9.99,33.95,14.65,18.83,33.95,16.87
365,5.18,30.53,17.85,30.53,0.00,11.99,35.95,15.98,20.55,35.95,21.03
367,5.50,30.52,18.01,30.52,0.00,13.99,37.95,17.32,22.26,37.95,22.10
369,5.50,30.51,18.01,30.51,0.00,15.99,27.90,14.63,18.81,27.90,23.04
371,5.50,22.04,13.77,22.04,0.00,17.99,29.52,15.84,20.36,29.52,19.31
373,7.61,0.00,3.81,7.61,0.00,19.99,26.44,15.48,19.90,26.44,12.51
375,15.16,5.46,10.31,15.16,0.00,21.99,28.44,16.81,21.61,28.44,8.31
377,18.52,13.46,15.99,18.52,0.00,23.99,30.44,18.14,23.33,30.44,8.35
379,18.49,16.99,17.74,18.49,0.00,25.99,32.44,19.48,25.04,32.44,8.04
381,18.49,16.95,17.72,18.49,0.00,27.99,34.44,20.81,26.76,34.44,4.85
383,18.49,16.95,17.72,18.49,0.00,29.99,36.44,22.14,28.47,36.44,1.92
385,18.49,16.95,17.72,18.49,0.00,31.99,38.44,23.48,30.19,38.44,0.22
387,25.12,16.95,21.03,25.12,0.00,33.99,40.44,24.81,31.90,40.44,0.00
389,25.22,16.95,21.08,25.22,0.00,35.99,42.44,26.14,33.61,42.44,4.65
391,25.22,16.95,21.08,25.22,0.00,37.99,44.44,27.48,35.33,44.44,9.85
393,25.22,16.95,21.08,25.22,0.00,39.99,46.44,28.81,37.04,46.44,14.25
395,25.22,16.95,21.08,25.22,0.00,41.99,48.44,30.14,38.76,48.44,20.01
397,25.22,16.88,21.05,25.22,0.00,43.99,50.44,31.48,40.47,50.44,24.52
399,24.90,6.29,15.59,24.90,0.00,29.20,44.90,24.70,31.76,44.90,30.32
401,4.67,0.00,2.33,4.67,0.00,30.35,26.95,19.10,24.56,30.35,32.27
403,0.00,0.00,0.00,0.00,0.00,18.18,0.00,6.06,7.79,18.18,28.80
405,15.18,0.00,7.59,15.18,1.87,20.18,0.00,7.35,8.92,20.18,29.09
407,18.74,0.00,9.37,18.74,3.87,22.18,1.65,9.24,10.77,22.18,25.53
409,18.60,0.00,9.30,18.60,5.87,24.18,3.65,11.24,12.77,24.18,17.96
411,18.60,5.42,12.01,18.60,7.87,26.18,5.65,13.24,14.77,26.18,6.76
413,18.60,5.46,12.03,18.60,9.87,28.18,7.65,15.24,16.77,28.18,2.27
415,31.46,5.46,18.46,31.46,11.87,30.18,9.65,17.24,18.77,30.18,4.70
417,50.41,5.46,27.94,50.41,13.87,32.18,11.65,19.24,20.77,32.18,13.22
419,35.48,5.46,20.47,35.48,15.87,18.72,13.65,16.08,16.14,18.72,16.68
421,2.90,7.53,5.22,7.53,17.87,6.04,15.65,13.19,11.85,17.87,17.76
423,0.00,17.09,8.55,17.09,13.38,8.04,17.65,13.02,12.92,17.65,17.97
425,0.00,22.67,11.34,22.67,0.00,10.04,19.65,9.90,12.72,19.65,22.23
427,0.32,22.61,11.47,22.61,0.00,12.04,21.65,11.23,14.44,21.65,26.83
429,5.76,20.82,13.29,20.82,0.00,14.04,18.14,10.72,13.79,18.14,30.06
431,5.56,0.00,2.78,5.56,0.00,16.04,19.15,11.73,15.08,19.15,32.38
433,5.56,0.00,2.78,5.56,0.00,18.04,18.98,12.34,15.86,18.98,31.28
435,5.56,5.34,5.45,5.56,0.00,20.04,2.98,7.67,9.87,20.04,28.79
437,5.56,10.94,8.25,10.94,0.00,22.04,4.98,9.01,11.58,22.04,22.44
439,7.89,10.92,9.40,10.92,0.00,24.04,6.98,10.34,13.29,24.04,14.94
441,11.72,10.92,11.32,11.72,0.00,26.04,8.98,11.67,15.01,26.04,6.77
443,11.67,14.50,13.09,14.50,0.00,28.04,10.98,13.01,16.72,28.04,1.67
445,18.45,16.53,17.49,18.45,0.00,30.04,12.98,14.34,18.44,30.04,9.98
447,24.66,16.37,20.52,24.66,0.00,32.04,14.98,15.67,20.15,32.04,14.81
449,24.54,2.28,13.41,24.54,0.00,34.04,15.90,16.64,21.40,34.04,17.30
451,24.54,0.00,12.27,24.54,0.00,36.04,10.73,15.59,20.04,36.04,15.93
453,24.54,0.00,12.27,24.54,0.00,38.04,0.00,12.68,16.30,38.04,11.53
455,24.54,0.00,12.27,24.54,0.00,40.04,0.00,13.35,17.16,40.04,7.21
457,26.76,0.00,13.38,26.76,0.00,42.04,0.00,14.01,18.02,42.04,5.67
459,34.98,0.00,17.49,34.98,0.00,22.53,0.00,7.51,9.66,22.53,16.06
461,37.74,0.00,18.87,37.74,0.00,20.03,0.00,6.68,8.59,20.03,20.59
463,18.05,0.00,9.02,18.05,0.00,20.49,0.00,6.83,8.78,20.49,26.68
465,0.00,0.00,0.00,0.00,0.00,8.26,0.00,2.75,3.54,8.26,28.46
467,4.22,0.00,2.11,4.22,0.00,10.26,0.00,3.42,4.40,10.26,27.60
469,10.59,0.00,5.30,10.59,0.00,12.26,0.00,4.09,5.25,12.26,23.44
471,12.33,0.00,6.17,12.33,0.00,14.26,0.00,4.75,6.11,14.26,21.15
473,12.33,0.00,6.16,12.33,0.00,16.26,0.00,5.42,6.97,16.26,22.80
475,16.39,0.00,8.20,16.39,1.08,18.26,0.74,6.69,8.30,18.26,20.79
477,19.33,0.81,10.07,19.33,3.08,20.26,2.74,8.69,10.30,20.26,17.87
479,19.31,4.82,12.06,19.31,5.08,22.26,4.74,10.69,12.30,22.26,12.22
481,19.31,4.70,12.00,19.31,7.08,24.26,6.74,12.69,14.30,24.26,5.88
483,22.38,4.70,13.54,22.38,9.08,26.26,8.74,14.69,16.30,26.26,1.78
485,27.24,4.70,15.97,27.24,11.08,28.26,10.74,16.69,18.30,28.26,0.16
487,33.11,4.70,18.90,33.11,13.08,30.26,12.74,18.69,20.30,30.26,0.00
489,32.95,4.70,18.82,32.95,15.08,32.26,14.74,20.69,22.30,32.26,0.00
491,32.95,4.70,18.82,32.95,17.08,34.26,16.74,22.69,24.30,34.26,0.00
493,32.95,4.70,18.82,32.95,19.08,36.26,18.74,24.69,26.30,36.26,0.00
495,32.95,4.70,18.82,32.95,21.08,38.26,20.74,26.69,28.30,38.26,0.00
497,32.95,4.70,18.82,32.95,23.08,40.26,22.74,28.69,30.30,40.26,0.00
499,32.95,4.70,18.82,32.95,25.08,42.26,24.74,30.69,32.30,42.26,0.00
501,32.95,4.70,18.82,32.95,27.08,44.26,26.74,32.69,34.30,44.26,6.05
503,32.95,4.70,18.82,32.95,29.08,46.26,28.74,34.69,36.30,46.26,11.93
505,32.95,4.70,18.82,32.95,31.08,48.26,30.74,36.69,38.30,48.26,17.28
507,32.95,4.70,18.82,32.95,33.08,50.26,32.74,38.69,40.30,50.26,16.12
509,32.95,4.70,18.82,32.95,35.08,52.26,34.74,40.69,42.30,52.26,12.92
511,32.95,4.70,18.82,32.95,37.08,54.26,36.74,42.69,44.30,54.26,8.16
513,35.16,4.70,19.93,35.16,39.08,56.26,38.74,44.69,46.30,56.26,3.06
515,42.36,4.70,23.53,42.36,41.08,58.26,40.74,46.69,48.30,58.26,5.59
517,48.04,4.70,26.37,48.04,43.08,60.26,42.74,48.69,50.30,60.26,7.77
519,50.72,4.70,27.71,50.72,45.08,63.10,44.74,50.97,52.66,63.10,13.01
521,50.70,4.70,27.70,50.70,47.08,40.10,46.74,44.64,43.94,47.08,16.19
523,50.70,4.70,27.70,50.70,49.08,42.10,48.74,46.64,45.94,49.08,20.26
525,47.29,4.70,25.99,47.29,0.00,44.10,50.74,31.61,40.65,50.74,21.69
527,0.00,4.70,2.35,4.70,0.00,43.18,52.74,31.97,41.11,52.74,27.59
529,0.00,4.70,2.35,4.70,0.00,17.03,54.74,23.93,30.76,54.74,29.28
531,0.00,4.70,2.35,4.70,0.00,16.05,56.74,24.26,31.20,56.74,28.51
533,0.00,9.28,4.64,9.28,0.00,2.18,58.74,20.31,26.11,58.74,19.53
535,0.00,16.06,8.03,16.06,0.00,4.18,60.74,21.64,27.82,60.74,9.92
537,0.00,17.12,8.56,17.12,0.00,3.00,62.74,21.92,28.18,62.74,2.68
539,4.92,17.12,11.02,17.12,0.00,5.00,64.74,23.25,29.89,64.74,0.14
541,11.71,17.12,14.41,17.12,0.00,7.00,66.74,24.58,31.61,66.74,0.00
543,11.60,17.12,14.36,17.12,0.00,9.00,68.74,25.92,33.32,68.74,7.04
545,11.60,17.12,14.36,17.12,0.00,11.00,70.74,27.25,35.03,70.74,8.77
547,11.60,17.12,14.36,17.12,0.00,13.00,72.74,28.58,36.75,72.74,15.03
549,11.60,17.12,14.36,17.12,0.00,15.00,74.74,29.92,38.46,74.74,15.99
551,11.60,17.12,14.36,17.12,0.00,17.00,76.74,31.25,40.18,76.74,13.81
553,11.60,17.12,14.36,17.12,0.00,19.00,78.74,32.58,41.89,78.74,8.51
555,11.60,17.12,14.36,17.12,0.00,21.00,80.74,33.92,43.61,80.74,8.09
557,17.64,17.09,17.37,17.64,0.00,23.00,82.74,35.25,45.32,82.74,13.22
559,10.50,10.35,10.43,10.50,0.61,132.13,42.67,58.47,75.00,132.13,20.49
561,0.00,0.00,0.00,0.00,2.61,7.36,35.02,15.00,18.54,35.02,30.46
563,0.00,0.00,0.00,0.00,4.61,0.00,0.00,1.54,0.66,4.61,41.92
565,0.00,0.00,0.00,0.00,0.00,0.00,0.00,0.00,0.00,0.00,46.98
567,0.00,0.00,0.00,0.00,0.00,0.00,0.00,0.00,0.00,0.00,52.16
569,0.00,0.00,0.00,0.00,0.00,0.00,0.00,0.00,0.00,0.00,45.47
571,0.00,0.00,0.00,0.00,0.00,0.00,0.00,0.00,0.00,0.00,40.51
573,0.00,0.00,0.00,0.00,0.00,0.87,0.00,0.29,0.37,0.87,36.77
575,4.42,0.00,2.21,4.42,0.00,2.87,1.35,1.40,1.80,2.87,42.10
577,0.49,3.64,2.06,3.64,0.00,4.87,3.35,2.74,3.52,4.87,39.47
579,0.00,5.23,2.61,5.23,0.00,3.69,5.35,3.01,3.87,5.35,37.65
581,0.00,5.22,2.61,5.22,0.00,0.00,7.35,2.45,3.15,7.35,37.36
583,0.00,5.22,2.61,5.22,1.41,0.93,9.35,3.89,4.61,9.35,27.98
585,0.64,5.14,2.89,5.14,0.00,2.93,11.35,4.76,6.12,11.35,25.93
587,5.85,0.23,3.04,5.85,0.00,4.93,13.35,6.09,7.83,13.35,16.84
589,8.19,0.00,4.10,8.19,0.00,6.93,6.12,4.35,5.59,6.93,22.23
591,12.28,0.00,6.14,12.28,0.00,8.93,0.00,2.98,3.83,8.93,25.39
593,12.22,0.00,6.11,12.22,0.00,10.93,0.85,3.93,5.05,10.93,26.14
595,12.22,0.00,6.11,12.22,0.00,12.93,0.00,4.31,5.54,12.93,31.48
597,12.22,0.00,6.11,12.22,0.00,14.93,0.00,4.98,6.40,14.93,30.42
599,12.22,0.00,6.11,12.22,0.00,16.93,0.00,5.64,7.26,16.93,25.77
601,12.22,0.00,6.11,12.22,0.00,18.93,0.00,6.31,8.11,18.93,18.21
603,17.80,0.00,8.90,17.80,0.00,20.93,0.00,6.98,8.97,20.93,14.73
605,18.89,0.00,9.45,18.89,0.00,22.93,1.77,8.24,10.59,22.93,12.14
607,18.84,4.76,11.80,18.84,0.00,24.93,3.77,9.57,12.30,24.93,17.81
609,8.84,5.66,7.25,8.84,0.00,24.10,5.77,9.96,12.80,24.10,22.79
611,0.00,5.65,2.83,5.65,0.00,11.08,7.77,6.29,8.08,11.08,25.68
613,0.00,5.65,2.83,5.65,0.00,6.33,9.77,5.37,6.90,9.77,23.83
615,5.32,5.65,5.49,5.65,0.00,8.33,11.77,6.70,8.62,11.77,20.31
617,5.18,5.65,5.42,5.65,0.00,10.33,13.77,8.04,10.33,13.77,12.04
619,7.64,5.65,6.65,7.64,0.00,12.33,15.77,9.37,12.05,15.77,11.38
621,11.74,5.65,8.70,11.74,0.00,14.33,17.77,10.70,13.76,17.77,14.71
623,11.69,10.57,11.13,11.69,0.00,16.33,19.77,12.04,15.47,19.77,20.04
625,11.69,12.83,12.26,12.83,0.00,18.33,21.77,13.37,17.19,21.77,22.80
627,11.69,12.83,12.26,12.83,0.00,20.33,23.77,14.70,18.90,23.77,21.75
629,11.69,12.83,12.26,12.83,0.00,22.33,25.77,16.04,20.62,25.77,19.85
631,11.69,12.83,12.26,12.83,0.00,24.33,27.77,17.37,22.33,27.77,18.25
633,14.94,12.83,13.88,14.94,0.33,26.33,29.77,18.81,24.09,29.77,19.66
635,23.12,12.83,17.97,23.12,2.33,28.33,31.77,20.81,26.09,31.77,21.14
637,25.25,11.79,18.52,25.25,4.33,30.33,33.77,22.81,28.09,33.77,18.77
639,25.24,0.00,12.62,25.24,6.33,32.33,19.23,19.30,23.00,32.33,15.61
641,26.35,0.00,13.18,26.35,8.33,34.33,4.23,15.63,17.72,34.33,10.64
643,32.09,0.00,16.04,32.09,10.33,36.33,6.23,17.63,19.72,36.33,4.69
645,35.81,0.00,17.90,35.81,12.33,38.33,1.94,17.53,19.02,38.33,1.11
647,46.46,0.00,23.23,46.46,14.33,40.33,3.94,19.53,21.02,40.33,0.06
649,50.97,0.00,25.49,50.97,16.33,42.33,5.94,21.53,23.02,42.33,5.16
651,50.90,0.00,25.45,50.90,18.33,44.33,7.94,23.53,25.02,44.33,10.27
653,50.90,0.00,25.45,50.90,20.33,46.33,9.94,25.53,27.02,46.33,12.63
655,50.90,0.00,25.45,50.90,22.33,48.33,11.94,27.53,29.02,48.33,13.38
657,50.90,0.00,25.45,50.90,24.33,50.33,13.94,29.53,31.02,50.33,12.03
659,51.29,0.00,25.65,51.29,26.33,45.13,15.94,29.13,29.93,45.13,13.01
661,58.83,0.00,29.42,58.83,28.33,28.66,17.94,24.98,24.02,28.66,19.65
663,66.47,0.00,33.24,66.47,2.04,30.66,19.94,17.55,21.98,30.66,19.55
665,70.90,0.00,35.45,70.90,4.04,24.17,21.94,16.71,20.34,24.17,16.46
667,70.37,2.56,36.47,70.37,6.04,26.17,23.94,18.71,22.34,26.17,16.91
669,18.33,8.98,13.65,18.33,8.04,28.17,25.94,20.71,24.34,28.17,16.40
671,5.69,13.95,9.82,13.95,10.04,30.17,27.94,22.71,26.34,30.17,12.03
673,6.46,17.81,12.14,17.81,12.04,32.17,29.94,24.71,28.34,32.17,7.98
675,17.88,17.78,17.83,17.88,14.04,34.17,31.94,26.71,30.34,34.17,9.72
677,25.76,17.67,21.72,25.76,16.04,36.17,33.94,28.71,32.34,36.17,13.29
679,21.33,4.14,12.73,21.33,18.04,17.93,33.61,23.19,24.67,33.61,21.95
681,0.00,0.00,0.00,0.00,0.00,19.93,35.41,18.45,23.72,35.41,27.20
683,0.00,0.27,0.13,0.27,0.00,19.52,11.26,10.26,13.19,19.52,23.89
685,0.00,8.97,4.48,8.97,0.00,9.81,13.26,7.69,9.89,13.26,26.25
687,0.00,11.19,5.59,11.19,0.00,0.00,15.26,5.09,6.54,15.26,27.72
689,0.00,11.17,5.59,11.17,0.00,0.00,17.26,5.75,7.40,17.26,26.54
691,0.00,11.17,5.59,11.17,0.00,0.00,19.26,6.42,8.25,19.26,24.06
693,0.00,11.17,5.59,11.17,0.00,1.80,21.26,7.69,9.88,21.26,21.80
695,5.75,11.17,8.46,11.17,0.00,3.80,23.26,9.02,11.60,23.26,18.18
697,5.50,17.42,11.46,17.42,0.00,5.80,25.26,10.35,13.31,25.26,14.61
699,5.50,17.82,11.66,17.82,0.00,7.80,27.26,11.69,15.03,27.26,8.82
701,5.50,17.82,11.66,17.82,0.00,9.80,29.26,13.02,16.74,29.26,11.70
703,5.50,23.83,14.67,23.83,0.00,11.80,31.26,14.35,18.46,31.26,9.63
705,6.67,24.58,15.63,24.58,0.00,13.80,33.26,15.69,20.17,33.26,8.66
707,12.75,24.58,18.67,24.58,0.00,15.80,35.26,17.02,21.88,35.26,5.54
709,12.64,24.58,18.61,24.58,0.00,17.80,37.26,18.35,23.60,37.26,6.58
711,12.64,24.58,18.61,24.58,0.00,19.80,39.26,19.69,25.31,39.26,9.31
713,12.64,29.27,20.95,29.27,0.00,21.80,41.26,21.02,27.03,41.26,10.96
715,12.64,30.95,21.79,30.95,0.00,23.80,43.26,22.35,28.74,43.26,15.38
717,12.11,30.95,21.53,30.95,0.00,25.80,45.26,23.69,30.46,45.26,22.24
719,0.52,30.93,15.73,30.93,0.00,17.59,45.23,20.94,26.92,45.23,28.51
721,0.00,28.26,14.13,28.26,0.00,0.33,27.77,9.37,12.04,27.77,32.76
723,0.00,0.00,0.00,0.00,0.00,0.59,21.55,7.38,9.49,21.55,31.06
725,0.00,5.57,2.79,5.57,0.00,2.59,23.55,8.71,11.20,23.55,27.88
727,0.00,11.73,5.87,11.73,0.00,0.00,25.55,8.52,10.95,25.55,29.65
729,0.00,11.76,5.88,11.76,0.00,0.00,27.55,9.18,11.81,27.55,27.06
731,0.00,11.76,5.88,11.76,0.00,0.00,29.55,9.85,12.67,29.55,23.91
733,0.00,11.76,5.88,11.76,0.00,0.00,31.55,10.52,13.52,31.55,20.85
735,0.00,18.71,9.35,18.71,0.00,0.00,33.55,11.18,14.38,33.55,18.63
737,0.00,25.23,12.61,25.23,0.00,0.00,35.55,11.85,15.24,35.55,15.65
739,0.00,25.04,12.52,25.04,0.00,0.00,37.55,12.52,16.09,37.55,9.31
741,0.00,25.04,12.52,25.04,0.00,1.28,39.55,13.61,17.50,39.55,3.79
743,5.15,25.04,15.10,25.04,0.00,3.28,41.55,14.94,19.21,41.55,0.80
745,9.97,25.04,17.51,25.04,0.00,5.28,43.55,16.28,20.93,43.55,0.37
747,12.99,25.04,19.02,25.04,0.00,7.28,45.55,17.61,22.64,45.55,4.85
749,12.97,24.87,18.92,24.87,0.00,9.28,38.37,15.88,20.42,38.37,7.90
751,12.97,5.88,9.43,12.97,0.00,11.28,20.82,10.70,13.75,20.82,16.61
753,12.97,0.00,6.49,12.97,0.00,13.28,19.16,10.81,13.90,19.16,13.83
755,12.97,4.19,8.58,12.97,0.00,15.28,21.16,12.15,15.62,21.16,24.91
757,12.97,5.37,9.17,12.97,0.00,17.28,23.16,13.48,17.33,23.16,23.20
759,12.97,5.37,9.17,12.97,0.00,19.28,25.16,14.81,19.04,25.16,16.85
761,12.97,5.37,9.17,12.97,0.00,21.28,27.16,16.15,20.76,27.16,14.81
763,15.07,5.37,10.22,15.07,0.00,23.28,29.16,17.48,22.47,29.16,13.77
765,19.42,5.37,12.40,19.42,0.00,25.28,31.16,18.81,24.19,31.16,12.25
767,19.35,7.25,13.30,19.35,0.00,27.28,33.16,20.15,25.90,33.16,12.04
769,19.35,11.10,15.23,19.35,0.00,29.28,35.16,21.48,27.62,35.16,15.23
771,19.35,11.03,15.19,19.35,0.00,31.28,37.16,22.81,29.33,37.16,16.46
773,19.35,11.03,15.19,19.35,0.00,33.28,39.16,24.15,31.04,39.16,14.07
775,19.35,11.03,15.19,19.35,0.00,35.28,41.16,25.48,32.76,41.16,13.77
777,19.30,8.39,13.85,19.30,1.06,37.28,43.16,27.16,34.62,43.16,19.21
779,7.29,0.00,3.65,7.29,3.06,36.85,13.35,17.75,21.95,36.85,24.60
781,0.00,0.00,0.00,0.00,5.06,20.94,6.14,10.71,12.33,20.94,30.65
783,0.00,0.00,0.00,0.00,7.06,2.59,0.00,3.22,2.12,7.06,34.88
785,0.00,0.00,0.00,0.00,0.00,4.59,0.00,1.53,1.97,4.59,29.86
787,5.48,0.00,2.74,5.48,0.00,6.59,0.00,2.20,2.82,6.59,22.45
789,5.17,0.00,2.59,5.17,0.00,8.59,0.00,2.86,3.68,8.59,12.25
791,5.17,0.00,2.59,5.17,0.00,10.59,0.00,3.53,4.54,10.59,3.77
793,5.17,1.59,3.38,5.17,0.00,12.59,1.91,4.83,6.21,12.59,0.24
795,5.17,4.76,4.97,5.17,0.00,14.59,3.91,6.17,7.93,14.59,0.00
797,5.17,4.69,4.93,5.17,0.00,16.59,5.91,7.50,9.64,16.59,0.00
799,5.17,4.69,4.93,5.17,0.00,18.59,7.91,8.83,11.36,18.59,0.00
801,5.17,4.69,4.93,5.17,0.00,20.59,9.91,10.17,13.07,20.59,0.00
803,5.17,4.69,4.93,5.17,0.00,22.59,11.91,11.50,14.79,22.59,0.00
805,5.17,4.69,4.93,5.17,0.00,24.59,13.91,12.83,16.50,24.59,0.00
807,5.17,4.69,4.93,5.17,0.00,26.59,15.91,14.17,18.21,26.59,0.00
809,5.17,4.69,4.93,5.17,0.00,28.59,17.91,15.50,19.93,28.59,0.00
811,5.17,4.69,4.93,5.17,0.00,30.59,19.91,16.83,21.64,30.59,22.40
813,5.17,4.69,4.93,5.17,0.00,32.59,21.91,18.17,23.36,32.59,22.40
815,5.17,4.69,4.93,5.17,0.00,34.59,23.91,19.50,25.07,34.59,22.33
817,5.17,4.69,4.93,5.17,0.00,36.59,25.91,20.83,26.79,36.59,15.95
819,5.17,4.69,4.93,5.17,0.00,38.59,27.91,22.17,28.50,38.59,16.25
821,5.17,4.69,4.93,5.17,0.00,40.59,29.91,23.50,30.21,40.59,19.03
823,5.17,6.42,5.80,6.42,0.00,42.59,31.91,24.83,31.93,42.59,23.01
825,5.08,11.01,8.04,11.01,0.00,44.59,33.91,26.17,33.64,44.59,36.42
827,0.22,10.88,5.55,10.88,0.00,46.59,35.91,27.50,35.36,46.59,40.18
829,0.00,4.03,2.01,4.03,0.00,0.00,6.18,2.06,2.65,6.18,47.45
831,0.00,0.00,0.00,0.00,0.00,0.00,8.18,2.73,3.51,8.18,49.66
833,0.00,0.00,0.00,0.00,0.53,0.00,0.05,0.19,0.10,0.53,42.58
835,0.00,0.00,0.00,0.00,0.00,0.00,2.05,0.68,0.88,2.05,37.63
837,0.00,4.85,2.42,4.85,0.00,1.50,4.05,1.85,2.38,4.05,33.47
839,0.00,4.91,2.45,4.91,0.00,0.00,6.05,2.02,2.59,6.05,26.24
841,0.00,9.32,4.66,9.32,0.00,0.00,8.05,2.68,3.45,8.05,16.16
843,0.00,11.30,5.65,11.30,1.19,0.00,10.05,3.74,4.48,10.05,6.90
845,0.00,15.45,7.73,15.45,0.00,0.00,12.05,4.02,5.16,12.05,1.55
847,0.00,20.94,10.47,20.94,0.00,0.00,14.05,4.68,6.02,14.05,0.04
849,0.00,24.22,12.11,24.22,0.00,0.00,16.05,5.35,6.88,16.05,0.00
851,0.00,24.19,12.09,24.19,0.00,0.00,18.05,6.02,7.74,18.05,8.13
853,0.00,24.19,12.09,24.19,0.00,0.00,20.05,6.68,8.59,20.05,10.04
855,0.00,24.19,12.09,24.19,0.00,0.00,22.05,7.35,9.45,22.05,13.23
857,0.00,24.19,12.09,24.19,0.00,0.00,24.05,8.02,10.31,24.05,18.52
859,0.00,23.71,11.86,23.71,0.00,0.00,21.04,7.01,9.02,21.04,25.05
861,0.00,0.00,0.00,0.00,0.00,0.00,17.81,5.94,7.63,17.81,30.75
863,0.00,0.00,0.00,0.00,0.00,0.00,17.29,5.76,7.41,17.29,27.70
865,0.00,0.00,0.00,0.00,0.00,0.00,1.59,0.53,0.68,1.59,6.12
867,0.00,2.42,1.21,2.42,0.00,0.00,3.59,1.20,1.54,3.59,0.00
869,0.00,4.96,2.48,4.96,0.00,0.00,5.59,1.86,2.40,5.59,18.45
871,0.00,4.93,2.47,4.93,0.00,0.00,7.59,2.53,3.25,7.59,30.52
873,0.00,4.93,2.47,4.93,0.00,0.00,9.59,3.20,4.11,9.59,36.16
875,0.00,4.93,2.47,4.93,0.00,0.00,11.59,3.86,4.97,11.59,37.07
877,0.00,4.93,2.47,4.93,0.00,0.00,13.59,4.53,5.83,13.59,37.31
879,0.00,4.93,2.47,4.93,0.00,0.00,15.59,5.20,6.68,15.59,37.03
881,0.00,4.93,2.47,4.93,0.00,0.00,17.59,5.86,7.54,17.59,30.20
883,0.00,7.83,3.92,7.83,0.00,0.00,19.59,6.53,8.40,19.59,25.59
885,0.00,11.72,5.86,11.72,0.00,1.56,21.59,7.72,9.92,21.59,35.25
887,0.00,9.52,4.76,9.52,0.00,3.56,23.59,9.05,11.64,23.59,36.28
889,0.00,0.00,0.00,0.00,0.00,0.00,7.29,2.43,3.12,7.29,38.74
891,0.00,0.00,0.00,0.00,0.00,0.00,0.53,0.18,0.23,0.53,47.59
893,0.00,0.00,0.00,0.00,0.00,0.00,0.00,0.00,0.00,0.00,35.64
895,0.00,0.00,0.00,0.00,0.00,0.00,1.19,0.40,0.51,1.19,14.07
897,0.00,0.00,0.00,0.00,0.00,0.00,3.19,1.06,1.37,3.19,1.59
899,0.00,5.00,2.50,5.00,0.00,0.00,5.19,1.73,2.22,5.19,0.00
901,0.00,5.00,2.50,5.00,0.00,0.00,7.19,2.40,3.08,7.19,0.00
903,0.00,5.00,2.50,5.00,0.00,0.00,9.19,3.06,3.94,9.19,20.53
905,0.00,5.00,2.50,5.00,0.00,0.00,11.19,3.73,4.79,11.19,29.61
907,0.00,5.00,2.50,5.00,0.00,0.00,13.19,4.40,5.65,13.19,35.48
909,0.00,5.00,2.50,5.00,0.00,0.00,15.19,5.06,6.51,15.19,37.15
911,0.00,5.00,2.50,5.00,0.00,0.00,17.19,5.73,7.37,17.19,32.38
913,0.00,5.00,2.50,5.00,0.00,0.00,19.19,6.40,8.22,19.19,20.91
915,0.00,5.00,2.50,5.00,0.00,0.00,21.19,7.06,9.08,21.19,9.02
917,0.00,9.28,4.64,9.28,0.00,0.00,23.19,7.73,9.94,23.19,2.07
919,0.00,14.45,7.22,14.45,0.00,0.00,25.19,8.40,10.79,25.19,0.07
921,0.00,18.08,9.04,18.08,0.00,0.00,27.19,9.06,11.65,27.19,0.00
923,0.00,18.04,9.02,18.04,0.00,0.00,29.19,9.73,12.51,29.19,0.00
925,0.00,18.04,9.02,18.04,0.00,0.00,31.19,10.40,13.37,31.19,12.54
927,0.00,18.04,9.02,18.04,0.00,0.00,33.19,11.06,14.22,33.19,15.67
929,0.00,18.04,9.02,18.04,0.00,0.00,35.19,11.73,15.08,35.19,15.51
931,0.00,18.04,9.02,18.04,0.00,0.00,37.19,12.40,15.94,37.19,16.55
933,0.00,18.04,9.02,18.04,0.00,0.00,39.19,13.06,16.79,39.19,18.86
935,0.00,18.04,9.02,18.04,0.00,0.00,41.19,13.73,17.65,41.19,25.21
937,0.00,21.20,10.60,21.20,0.00,0.00,43.19,14.40,18.51,43.19,29.81
939,0.00,23.11,11.55,23.11,0.00,0.00,23.73,7.91,10.17,23.73,34.04
941,0.00,1.08,0.54,1.08,0.00,0.00,23.64,7.88,10.13,23.64,36.99
943,0.00,0.00,0.00,0.00,0.29,0.00,7.05,2.44,3.06,7.05,31.85
945,0.00,0.00,0.00,0.00,0.00,0.00,0.01,0.00,0.00,0.01,20.40
947,0.00,2.88,1.44,2.88,0.00,0.00,2.01,0.67,0.86,2.01,13.43
949,0.00,4.43,2.21,4.43,0.00,0.00,4.01,1.34,1.72,4.01,19.96
951,0.00,4.42,2.21,4.42,0.00,0.00,6.01,2.00,2.57,6.01,26.04
953,0.00,4.42,2.21,4.42,0.00,0.00,8.01,2.67,3.43,8.01,31.44
955,0.00,17.34,8.67,17.34,0.00,0.00,10.01,3.34,4.29,10.01,36.07
957,0.00,16.91,8.45,16.91,0.00,0.00,12.01,4.00,5.15,12.01,36.40
959,0.00,16.90,8.45,16.90,0.00,0.00,14.01,4.67,6.00,14.01,33.96
961,0.00,16.90,8.45,16.90,0.00,0.13,16.01,5.38,6.92,16.01,25.32
963,0.80,16.90,8.85,16.90,1.79,2.13,18.01,7.31,8.89,18.01,15.30
965,8.72,16.90,12.81,16.90,3.79,4.13,20.01,9.31,10.89,20.01,11.31
967,10.78,12.33,11.56,12.33,,6.13,22.01,,,,11.10
969,11.34,0.00,5.67,11.34,,8.13,19.55,,,,17.17
971,0.00,0.00,0.00,0.00,,8.05,0.00,,,,27.23
973,0.00,0.00,0.00,0.00,,8.40,0.00,,,,38.92
975,0.00,0.00,0.00,0.00,,8.12,0.00,,,,49.23
977,0.00,0.00,0.00,0.00,,10.12,0.00,,,,51.37
979,0.00,0.00,0.00,0.00,,0.00,0.00,,,,44.13
981,0.00,0.00,0.00,0.00,,0.00,0.00,,,,35.46
983,0.00,0.00,0.00,0.00,,0.00,1.17,,,,20.00
985,0.00,6.67,3.33,6.67,,0.00,3.17,,,,7.84
987,0.00,14.34,7.17,14.34,,0.00,5.17,,,,1.83
989,0.00,20.48,10.24,20.48,,0.00,7.17,,,,8.37
991,0.00,24.72,12.36,24.72,,0.00,9.17,,,,10.28
993,0.00,24.66,12.33,24.66,,0.00,11.17,,,,12.05
995,0.00,24.66,12.33,24.66,,0.00,13.17,,,,16.96
997,0.00,24.66,12.33,24.66,,0.00,15.17,,,,25.28
999,0.00,24.26,12.13,24.26,,0.00,15.79,,,,17.36
1001,0.00,3.40,1.70,3.40,,0.97,16.68,,,,19.70
1001,0.00,3.40,1.70,3.40,,0.97,16.68,,,,19.70
