time,queue_main,queue_right,queue_avg,queue_max,delay_route_1,delay_route_2,delay_route_3,delay_avg_1,delay_avg_2,delay_max,speed
1,0.00,0.00,0.00,0.00,0.00,0.00,0.00,0.00,0.00,0.00,60.00
3,0.00,0.00,0.00,0.00,0.00,0.00,0.00,0.00,0.00,0.00,60.00
5,0.00,0.00,0.00,0.00,0.00,0.00,0.00,0.00,0.00,0.00,60.00
7,0.00,0.00,0.00,0.00,0.00,0.00,0.00,0.00,0.00,0.00,60.00
9,0.00,0.00,0.00,0.00,0.00,0.00,0.00,0.00,0.00,0.00,60.00
11,0.00,0.00,0.00,0.00,0.00,0.00,0.00,0.00,0.00,0.00,60.00
13,0.00,0.00,0.00,0.00,0.00,0.00,0.00,0.00,0.00,0.00,60.00
15,0.00,0.00,0.00,0.00,0.00,0.00,0.00,0.00,0.00,0.00,60.00
17,0.00,0.00,0.00,0.00,0.00,0.00,0.00,0.00,0.00,0.00,60.00
19,0.00,0.00,0.00,0.00,0.00,0.00,0.00,0.00,0.00,0.00,60.00
21,0.00,0.00,0.00,0.00,0.00,0.00,0.00,0.00,0.00,0.00,60.00
23,0.00,0.00,0.00,0.00,0.00,0.00,0.00,0.00,0.00,0.00,60.00
25,0.00,0.00,0.00,0.00,0.00,0.00,0.00,0.00,0.00,0.00,60.00
27,0.00,0.00,0.00,0.00,0.00,0.00,0.00,0.00,0.00,0.00,60.00
29,0.00,0.00,0.00,0.00,0.00,0.00,0.00,0.00,0.00,0.00,60.00
31,0.00,0.00,0.00,0.00,0.00,0.00,0.00,0.00,0.00,0.00,60.00
33,0.00,0.00,0.00,0.00,0.00,0.00,0.00,0.00,0.00,0.00,60.00
35,0.00,0.00,0.00,0.00,0.00,0.00,0.00,0.00,0.00,0.00,60.00
37,0.00,0.00,0.00,0.00,0.00,0.00,0.00,0.00,0.00,0.00,60.00
39,0.00,0.00,0.00,0.00,0.00,0.00,0.00,0.00,0.00,0.00,60.00
41,0.00,0.00,0.00,0.00,0.00,0.00,0.00,0.00,0.00,0.00,60.00
43,0.00,0.00,0.00,0.00,0.00,0.00,0.00,0.00,0.00,0.00,60.00
45,0.00,0.00,0.00,0.00,0.00,0.00,0.00,0.00,0.00,0.00,60.00
47,0.00,0.00,0.00,0.00,0.00,0.00,0.00,0.00,0.00,0.00,60.00
49,0.00,0.00,0.00,0.00,0.00,0.00,0.00,0.00,0.00,0.00,60.00
51,0.00,0.00,0.00,0.00,0.00,0.00,0.00,0.00,0.00,0.00,60.00
53,0.00,0.00,0.00,0.00,0.00,0.00,0.00,0.00,0.00,0.00,60.00
55,0.00,0.00,0.00,0.00,0.00,0.00,0.00,0.00,0.00,0.00,60.00
57,0.00,0.00,0.00,0.00,0.00,0.00,0.00,0.00,0.00,0.00,60.00
59,0.00,0.00,0.00,0.00,0.00,0.00,0.00,0.00,0.00,0.00,60.00
61,0.00,0.00,0.00,0.00,0.00,0.00,0.00,0.00,0.00,0.00,60.00
63,0.00,0.00,0.00,0.00,0.00,0.00,0.00,0.00,0.00,0.00,60.00
65,0.00,0.00,0.00,0.00,0.00,0.00,0.00,0.00,0.00,0.00,60.00
67,0.00,0.00,0.00,0.00,0.00,0.00,0.00,0.00,0.00,0.00,60.00
69,0.00,0.00,0.00,0.00,0.00,0.00,0.00,0.00,0.00,0.00,60.00
71,0.00,0.00,0.00,0.00,0.00,0.00,0.00,0.00,0.00,0.00,60.00
73,0.00,0.00,0.00,0.00,0.00,0.00,0.00,0.00,0.00,0.00,60.00
75,0.00,0.00,0.00,0.00,0.00,0.00,0.00,0.00,0.00,0.00,27.42
77,0.00,0.00,0.00,0.00,0.00,0.00,0.00,0.00,0.00,0.00,40.35
79,0.00,0.00,0.00,0.00,0.00,0.00,0.00,0.00,0.00,0.00,51.22
81,0.00,0.00,0.00,0.00,0.00,0.00,0.00,0.00,0.00,0.00,58.65
83,0.00,0.00,0.00,0.00,0.00,0.00,0.00,0.00,0.00,0.00,51.36
85,0.00,0.00,0.00,0.00,0.00,0.00,0.00,0.00,0.00,0.00,38.81
87,0.00,0.00,0.00,0.00,0.00,0.00,0.00,0.00,0.00,0.00,26.25
89,0.00,0.00,0.00,0.00,0.96,0.00,0.00,0.32,0.41,0.96,49.02
91,0.00,0.00,0.00,0.00,0.00,0.00,0.00,0.00,0.00,0.00,62.92
93,0.00,0.00,0.00,0.00,0.00,0.00,0.00,0.00,0.00,0.00,62.90
95,0.00,0.00,0.00,0.00,0.00,0.00,0.00,0.00,0.00,0.00,51.47
97,0.00,0.00,0.00,0.00,0.00,0.00,0.00,0.00,0.00,0.00,30.79
99,0.00,0.00,0.00,0.00,0.00,0.00,0.00,0.00,0.00,0.00,12.45
101,0.00,0.00,0.00,0.00,0.00,0.93,0.00,0.31,0.13,0.93,1.50
103,5.21,0.00,2.60,5.21,0.00,2.93,0.00,0.98,0.42,2.93,60.00
105,0.00,0.00,0.00,0.00,0.00,4.93,0.00,1.64,0.70,4.93,60.00
107,0.00,0.00,0.00,0.00,0.00,0.00,0.00,0.00,0.00,0.00,60.00
109,0.00,0.00,0.00,0.00,0.00,0.00,0.00,0.00,0.00,0.00,60.00
111,0.00,0.00,0.00,0.00,0.00,0.00,0.00,0.00,0.00,0.00,60.00
113,0.00,0.00,0.00,0.00,0.00,0.00,0.00,0.00,0.00,0.00,60.00
115,0.00,0.00,0.00,0.00,0.00,0.00,0.00,0.00,0.00,0.00,30.73
117,0.00,0.00,0.00,0.00,0.00,0.00,0.00,0.00,0.00,0.00,42.72
119,0.00,0.00,0.00,0.00,0.00,0.00,0.00,0.00,0.00,0.00,52.94
121,0.00,0.00,0.00,0.00,0.00,0.00,0.00,0.00,0.00,0.00,60.52
123,0.00,0.00,0.00,0.00,0.00,0.00,0.00,0.00,0.00,0.00,52.67
125,0.00,0.00,0.00,0.00,0.00,0.00,0.00,0.00,0.00,0.00,31.02
127,0.00,0.00,0.00,0.00,0.00,0.00,0.00,0.00,0.00,0.00,12.00
129,0.00,0.00,0.00,0.00,0.99,0.00,0.00,0.33,0.42,0.99,13.43
131,5.20,0.00,2.60,5.20,2.99,0.00,0.00,1.00,1.28,2.99,36.10
133,0.21,0.00,0.11,0.21,4.99,0.00,0.00,1.66,2.14,4.99,45.33
135,0.00,0.00,0.00,0.00,0.00,0.00,0.00,0.00,0.00,0.00,53.57
137,0.00,0.00,0.00,0.00,0.00,0.00,0.00,0.00,0.00,0.00,59.01
139,0.00,0.00,0.00,0.00,0.00,0.00,0.00,0.00,0.00,0.00,44.08
141,0.00,0.00,0.00,0.00,0.00,0.00,0.00,0.00,0.00,0.00,22.84
143,0.00,0.00,0.00,0.00,0.00,0.00,0.18,0.06,0.08,0.18,5.97
145,0.00,2.67,1.33,2.67,0.00,0.00,2.18,0.73,0.93,2.18,0.13
147,0.00,5.45,2.72,5.45,0.00,0.00,4.18,1.39,1.79,4.18,0.00
149,0.00,5.42,2.71,5.42,0.00,0.00,6.18,2.06,2.65,6.18,0.00
151,0.00,5.42,2.71,5.42,0.00,0.00,8.18,2.73,3.51,8.18,0.00
153,0.00,5.42,2.71,5.42,0.00,0.00,10.18,3.39,4.36,10.18,0.00
155,0.00,5.42,2.71,5.42,0.00,0.00,12.18,4.06,5.22,12.18,0.00
157,0.00,5.42,2.71,5.42,0.00,0.00,14.18,4.73,6.08,14.18,0.00
159,0.00,5.42,2.71,5.42,0.00,0.00,16.18,5.39,6.93,16.18,0.00
161,0.00,5.42,2.71,5.42,0.00,0.00,18.18,6.06,7.79,18.18,0.00
163,0.00,5.34,2.67,5.34,0.00,0.00,20.18,6.73,8.65,20.18,60.00
165,0.00,0.47,0.24,0.47,0.00,0.00,22.18,7.39,9.51,22.18,43.66
167,0.00,0.00,0.00,0.00,0.00,0.00,0.00,0.00,0.00,0.00,56.44
169,0.00,0.00,0.00,0.00,0.00,0.00,0.00,0.00,0.00,0.00,62.24
171,0.00,0.00,0.00,0.00,0.00,0.00,0.00,0.00,0.00,0.00,61.32
173,0.00,0.00,0.00,0.00,0.00,0.00,0.00,0.00,0.00,0.00,45.64
175,0.00,0.00,0.00,0.00,0.00,0.00,0.00,0.00,0.00,0.00,24.82
177,0.00,0.00,0.00,0.00,0.00,0.00,0.00,0.00,0.00,0.00,18.21
179,0.00,1.59,0.79,1.59,0.00,0.00,1.08,0.36,0.46,1.08,23.74
181,0.00,4.78,2.39,4.78,0.00,0.00,3.08,1.03,1.32,3.08,31.84
183,0.00,4.71,2.35,4.71,0.00,0.00,5.08,1.69,2.18,5.08,33.79
185,0.00,4.71,2.35,4.71,0.00,0.00,7.08,2.36,3.03,7.08,34.06
187,0.00,4.71,2.35,4.71,0.00,0.00,9.08,3.03,3.89,9.08,33.51
189,0.00,4.71,2.35,4.71,0.00,0.00,11.08,3.69,4.75,11.08,28.37
191,0.00,6.01,3.00,6.01,0.00,0.00,13.08,4.36,5.60,13.08,22.55
193,0.00,10.60,5.30,10.60,0.13,0.00,15.08,5.07,6.52,15.08,19.90
195,0.00,10.47,5.24,10.47,2.13,0.00,17.08,6.40,8.23,17.08,19.93
197,0.00,10.47,5.24,10.47,0.00,1.23,19.08,6.77,8.35,19.08,20.04
199,3.23,10.47,6.85,10.47,0.00,3.23,21.08,8.10,9.49,21.08,24.83
201,5.43,10.47,7.95,10.47,0.00,5.23,23.08,9.43,10.64,23.08,27.02
203,5.41,10.47,7.94,10.47,0.00,7.23,25.08,10.77,11.78,25.08,26.02
205,5.33,10.47,7.90,10.47,0.00,9.23,27.08,12.10,12.92,27.08,25.93
207,0.68,13.18,6.93,13.18,0.00,11.23,29.08,13.43,14.07,29.08,18.14
209,0.00,16.75,8.38,16.75,0.00,1.31,31.08,10.80,13.51,31.08,15.45
211,0.00,16.71,8.36,16.71,0.00,0.00,33.08,11.03,14.18,33.08,9.34
213,0.00,16.71,8.36,16.71,0.31,0.00,35.08,11.80,15.17,35.08,5.15
215,0.00,16.71,8.36,16.71,1.72,0.00,37.08,12.93,16.63,37.08,3.05
217,3.93,16.66,10.30,16.66,3.72,0.00,39.08,14.27,18.34,39.08,5.76
219,5.66,5.51,5.59,5.66,5.72,0.00,28.88,11.54,14.83,28.88,9.94
221,5.65,0.00,2.83,5.65,7.72,0.00,15.00,7.58,9.74,15.00,0.00
223,5.65,0.00,2.83,5.65,9.72,0.00,0.00,3.24,4.17,9.72,16.50
225,5.65,0.00,2.83,5.65,11.72,0.00,0.00,3.91,5.02,11.72,26.54
227,5.65,0.00,2.83,5.65,13.72,0.00,0.00,4.57,5.88,13.72,33.17
229,5.65,0.00,2.83,5.65,15.72,0.00,0.00,5.24,6.74,15.72,38.51
231,5.65,0.00,2.83,5.65,17.72,0.00,0.00,5.91,7.60,17.72,35.03
233,5.65,0.00,2.83,5.65,19.72,0.00,0.00,6.57,8.45,19.72,24.43
235,5.65,0.00,2.83,5.65,21.72,0.00,0.00,7.24,9.31,21.72,11.05
237,5.56,0.91,3.24,5.56,23.72,0.00,1.74,8.49,10.91,23.72,9.42
239,0.25,5.46,2.85,5.46,25.72,0.00,3.74,9.82,12.63,25.72,19.34
241,0.00,5.32,2.66,5.32,2.63,0.00,5.74,2.79,3.59,5.74,29.00
243,0.00,5.32,2.66,5.32,0.00,0.00,7.74,2.58,3.32,7.74,34.38
245,0.00,5.32,2.66,5.32,0.00,0.00,9.74,3.25,4.17,9.74,39.30
247,0.00,5.32,2.66,5.32,0.00,0.00,11.74,3.91,5.03,11.74,35.86
249,0.00,5.32,2.66,5.32,0.00,0.00,13.74,4.58,5.89,13.74,27.20
251,0.00,5.32,2.66,5.32,0.00,0.00,15.74,5.25,6.75,15.74,14.94
253,0.00,5.32,2.66,5.32,0.64,0.51,17.74,6.30,7.95,17.74,30.58
255,0.00,5.32,2.66,5.32,0.00,2.51,19.74,7.42,8.82,19.74,29.29
257,0.00,5.32,2.66,5.32,0.00,0.00,21.74,7.25,9.32,21.74,31.49
259,0.00,5.24,2.62,5.24,0.00,0.00,23.74,7.91,10.17,23.74,57.98
261,0.00,0.00,0.00,0.00,0.00,0.00,25.74,8.58,11.03,25.74,34.25
263,0.00,0.00,0.00,0.00,0.00,0.00,0.00,0.00,0.00,0.00,32.47
265,0.00,0.00,0.00,0.00,0.74,0.00,0.00,0.25,0.32,0.74,30.35
267,5.34,0.00,2.67,5.34,2.74,0.00,0.00,0.91,1.17,2.74,29.93
269,5.97,0.00,2.98,5.97,4.74,0.00,0.00,1.58,2.03,4.74,24.48
271,5.97,0.00,2.98,5.97,6.74,0.00,0.00,2.25,2.89,6.74,18.01
273,5.97,0.00,2.98,5.97,8.74,0.00,0.00,2.91,3.74,8.74,15.98
275,5.97,1.80,3.88,5.97,10.74,0.00,1.45,4.06,5.22,10.74,17.13
277,5.97,5.43,5.70,5.97,12.74,0.00,3.45,5.39,6.94,12.74,20.24
279,5.97,5.36,5.66,5.97,14.74,0.00,5.45,6.73,8.65,14.74,18.73
281,5.97,5.36,5.66,5.97,16.74,0.00,7.45,8.06,10.36,16.74,11.51
283,5.88,5.36,5.62,5.88,18.74,0.00,9.45,9.39,12.08,18.74,7.50
285,0.75,5.36,3.05,5.36,20.74,0.00,11.45,10.73,13.79,20.74,13.93
287,0.00,10.35,5.18,10.35,0.00,0.00,13.45,4.48,5.76,13.45,22.88
289,0.00,10.92,5.46,10.92,0.00,0.00,15.45,5.15,6.62,15.45,29.04
291,0.00,10.92,5.46,10.92,0.00,0.00,17.45,5.82,7.48,17.45,30.21
293,0.00,10.92,5.46,10.92,0.00,0.00,19.45,6.48,8.34,19.45,31.70
295,0.00,10.92,5.46,10.92,0.00,0.00,21.45,7.15,9.19,21.45,28.97
297,0.00,10.92,5.46,10.92,0.00,0.00,23.45,7.82,10.05,23.45,23.83
299,0.00,15.30,7.65,15.30,0.00,0.00,25.45,8.48,10.91,25.45,17.77
301,0.00,16.83,8.42,16.83,0.42,0.00,27.45,9.29,11.94,27.45,11.06
303,0.00,16.83,8.41,16.83,1.13,0.00,29.45,10.19,13.10,29.45,6.62
305,4.03,16.66,10.35,16.66,3.13,0.00,31.45,11.53,14.82,31.45,5.98
307,11.39,1.56,6.47,11.39,5.13,0.00,21.80,8.98,11.54,21.80,0.00
309,12.06,0.00,6.03,12.06,7.13,0.00,11.34,6.15,7.91,11.34,11.71
311,12.06,0.00,6.03,12.06,9.13,0.00,0.00,3.04,3.91,9.13,20.20
313,12.06,0.00,6.03,12.06,11.13,0.00,0.00,3.71,4.77,11.13,26.00
315,12.06,0.00,6.03,12.06,13.13,0.00,0.00,4.38,5.63,13.13,28.85
317,12.06,0.00,6.03,12.06,15.13,0.00,0.00,5.04,6.48,15.13,30.14
319,12.06,0.00,6.03,12.06,17.13,0.00,0.00,5.71,7.34,17.13,24.99
321,12.06,0.00,6.03,12.06,19.13,0.00,0.00,6.38,8.20,19.13,18.93
323,17.51,0.00,8.76,17.51,21.13,0.00,0.00,7.04,9.05,21.13,12.07
325,21.53,0.00,10.76,21.53,23.13,0.84,0.00,7.99,10.03,23.13,4.65
327,27.55,0.00,13.78,27.55,25.13,2.84,0.00,9.32,11.17,25.13,8.38
329,34.10,0.00,17.05,34.10,27.13,4.84,0.00,10.65,12.32,27.13,17.75
331,36.68,0.00,18.34,36.68,25.78,6.84,0.00,10.87,12.02,25.78,26.01
333,36.47,0.00,18.23,36.47,12.73,8.84,0.00,7.19,6.72,12.73,32.72
335,30.27,0.00,15.13,30.27,8.80,10.84,0.00,6.54,5.32,10.84,29.52
337,4.03,0.00,2.02,4.03,10.80,12.84,0.00,7.88,6.46,12.84,24.06
339,9.78,0.00,4.89,9.78,12.80,14.84,0.01,9.21,7.61,14.84,18.64
341,15.96,1.82,8.89,15.96,14.80,16.84,2.01,11.21,9.61,16.84,13.24
343,8.34,7.72,8.03,8.34,16.80,49.00,4.01,23.27,15.92,49.00,13.48
345,0.00,12.07,6.03,12.07,52.68,51.00,6.01,36.56,32.44,52.68,0.67
347,3.93,11.99,7.96,11.99,54.68,3.93,8.01,22.21,27.43,54.68,2.56
349,4.69,9.16,6.93,9.16,56.68,5.93,10.01,24.21,29.43,56.68,18.50
351,4.69,0.00,2.35,4.69,58.68,7.93,10.03,25.55,30.58,58.68,25.86
353,4.69,0.00,2.35,4.69,60.68,9.93,0.00,23.54,27.43,60.68,31.58
355,4.69,0.00,2.35,4.69,62.68,11.93,0.00,24.87,28.57,62.68,31.81
357,4.69,0.00,2.35,4.69,64.68,13.93,0.00,26.20,29.71,64.68,21.73
359,4.69,0.00,2.35,4.69,66.68,15.93,0.00,27.54,30.85,66.68,15.58
361,4.69,0.00,2.35,4.69,68.68,17.93,0.10,28.91,32.04,68.68,14.36
363,4.69,2.32,3.50,4.69,70.68,19.93,2.10,30.91,34.04,70.68,16.33
365,4.69,4.72,4.70,4.72,72.68,21.93,4.10,32.91,36.04,72.68,19.62
367,4.69,4.69,4.69,4.69,74.68,23.93,6.10,34.91,38.04,74.68,19.63
369,4.69,4.69,4.69,4.69,76.68,25.93,8.10,36.91,40.04,76.68,12.64
371,4.69,4.69,4.69,4.69,78.68,27.93,10.10,38.91,42.04,78.68,15.88
373,4.69,4.69,4.69,4.69,80.68,29.93,12.10,40.91,44.04,80.68,22.15
375,4.69,9.53,7.11,9.53,82.68,31.93,14.10,42.91,46.04,82.68,26.47
377,4.69,11.77,8.23,11.77,84.68,33.93,16.10,44.91,48.04,84.68,29.06
379,4.60,11.76,8.18,11.76,86.68,35.93,18.10,46.91,50.04,86.68,30.97
381,0.19,11.76,5.98,11.76,88.68,37.93,20.10,48.91,52.04,88.68,27.41
383,0.00,11.76,5.88,11.76,90.68,0.00,22.10,37.60,48.34,90.68,22.63
385,0.00,11.76,5.88,11.76,0.00,0.00,24.10,8.03,10.33,24.10,21.93
387,0.00,11.76,5.88,11.76,0.82,0.00,26.10,8.97,11.54,26.10,22.92
389,2.08,9.56,5.82,9.56,2.86,0.00,28.10,10.32,13.27,28.10,21.50
391,8.04,0.00,4.02,8.04,4.86,0.00,18.14,7.67,9.86,18.14,18.86
393,11.49,0.00,5.74,11.49,6.86,0.00,0.00,2.29,2.94,6.86,11.69
395,11.45,0.00,5.73,11.45,8.86,0.00,0.00,2.95,3.80,8.86,11.65
397,11.45,0.00,5.73,11.45,10.86,0.00,0.00,3.62,4.66,10.86,15.45
399,17.01,0.00,8.51,17.01,12.86,0.00,0.00,4.29,5.51,12.86,20.44
401,17.68,0.00,8.84,17.68,14.86,0.00,0.00,4.95,6.37,14.86,24.63
403,17.67,0.00,8.84,17.67,16.86,0.00,0.00,5.62,7.23,16.86,30.14
405,17.56,0.00,8.78,17.56,18.86,0.00,0.00,6.29,8.08,18.86,38.09
407,2.48,0.00,1.24,2.48,17.98,0.00,0.00,5.99,7.71,17.98,28.78
409,0.00,0.00,0.00,0.00,13.36,0.00,0.43,4.60,5.91,13.36,15.42
411,0.00,6.16,3.08,6.16,0.00,0.00,2.43,0.81,1.04,2.43,4.86
413,0.00,11.84,5.92,11.84,0.00,0.00,4.43,1.48,1.90,4.43,0.55
415,0.00,18.34,9.17,18.34,0.00,0.00,6.43,2.14,2.76,6.43,0.00
417,0.00,18.42,9.21,18.42,0.00,0.00,8.43,2.81,3.61,8.43,8.91
419,0.00,18.42,9.21,18.42,0.00,0.00,10.43,3.48,4.47,10.43,16.49
421,0.00,18.42,9.21,18.42,0.00,0.00,12.43,4.14,5.33,12.43,22.00
423,0.00,18.42,9.21,18.42,0.00,0.00,14.43,4.81,6.19,14.43,25.12
425,0.00,18.42,9.21,18.42,0.00,0.00,16.43,5.48,7.04,16.43,23.26
427,0.00,18.42,9.21,18.42,0.00,0.00,18.43,6.14,7.90,18.43,19.53
429,0.00,18.42,9.21,18.42,0.00,0.00,20.43,6.81,8.76,20.43,18.70
431,0.00,22.12,11.06,22.12,0.00,0.00,22.43,7.48,9.61,22.43,17.96
433,0.00,30.30,15.15,30.30,0.00,0.00,23.61,7.87,10.12,23.61,20.03
435,0.00,30.48,15.24,30.48,0.00,0.00,23.96,7.99,10.27,23.96,25.82
437,0.00,4.29,2.14,4.29,0.00,0.00,7.06,2.35,3.02,7.06,20.57
439,0.00,3.25,1.62,3.25,0.00,0.00,9.06,3.02,3.88,9.06,18.49
441,0.00,10.85,5.42,10.85,0.63,0.00,11.06,3.90,5.01,11.06,16.21
443,2.36,16.25,9.31,16.25,2.63,0.00,13.06,5.23,6.72,13.06,17.15
445,5.37,18.23,11.80,18.23,4.63,0.00,15.06,6.56,8.44,15.06,17.80
447,5.24,18.22,11.73,18.22,6.63,0.00,17.06,7.90,10.15,17.06,17.82
449,0.00,18.22,9.11,18.22,8.63,0.00,19.06,9.23,11.87,19.06,11.16
451,0.00,18.22,9.11,18.22,0.31,0.00,21.06,7.12,9.16,21.06,8.34
453,0.00,19.01,9.50,19.01,0.00,0.00,23.06,7.69,9.88,23.06,11.16
455,0.00,25.40,12.70,25.40,0.00,0.00,25.06,8.35,10.74,25.06,14.53
457,0.00,25.21,12.61,25.21,0.00,0.00,27.06,9.02,11.60,27.06,17.28
459,0.00,25.21,12.61,25.21,0.00,0.00,29.06,9.69,12.45,29.06,16.93
461,0.00,25.21,12.61,25.21,0.00,0.00,31.06,10.35,13.31,31.06,14.72
463,0.00,25.21,12.61,25.21,0.00,0.00,33.06,11.02,14.17,33.06,7.19
465,0.00,25.21,12.61,25.21,1.29,0.00,35.06,12.11,15.58,35.06,10.47
467,5.27,26.77,16.02,26.77,3.29,0.00,37.06,13.45,17.29,37.06,18.95
469,5.07,32.44,18.75,32.44,5.29,0.00,38.70,14.66,18.85,38.70,26.40
471,5.07,28.22,16.65,28.22,7.29,0.00,38.44,15.24,19.60,38.44,30.39
473,5.07,0.00,2.53,5.07,9.29,0.00,22.03,10.44,13.42,22.03,31.17
475,5.07,0.00,2.53,5.07,11.29,0.00,7.84,6.37,8.20,11.29,26.25
477,5.43,0.00,2.72,5.43,13.29,0.00,9.84,7.71,9.91,13.29,15.36
479,11.76,0.00,5.88,11.76,15.29,0.10,0.00,5.13,6.57,15.29,6.27
481,16.59,0.00,8.30,16.59,17.29,2.10,0.00,6.46,7.71,17.29,1.43
483,20.75,0.00,10.38,20.75,19.29,4.10,0.00,7.80,8.85,19.29,0.01
485,24.68,0.00,12.34,24.68,21.29,6.10,0.00,9.13,9.99,21.29,7.12
487,24.65,0.00,12.33,24.65,23.29,8.10,0.00,10.46,11.14,23.29,10.32
489,24.65,0.00,12.33,24.65,25.29,10.10,0.00,11.80,12.28,25.29,12.76
491,24.65,0.00,12.33,24.65,27.29,12.10,0.00,13.13,13.42,27.29,16.77
493,24.65,0.00,12.33,24.65,29.29,14.10,0.00,14.46,14.57,29.29,18.29
495,24.31,0.00,12.16,24.31,100.52,16.10,0.00,38.87,45.38,100.52,12.50
497,19.30,0.00,9.65,19.30,15.04,18.10,0.25,11.13,9.14,18.10,13.39
499,4.24,2.33,3.29,4.24,17.04,20.10,2.25,13.13,11.14,20.10,11.57
501,11.33,5.35,8.34,11.33,19.04,22.10,4.25,15.13,13.14,22.10,15.10
503,11.13,5.30,8.22,11.13,21.04,24.10,6.25,17.13,15.14,24.10,19.30
505,0.00,5.30,2.65,5.30,23.04,0.00,8.25,10.43,13.41,23.04,18.98
507,0.00,5.30,2.65,5.30,0.00,0.00,10.25,3.42,4.39,10.25,18.41
509,0.00,5.30,2.65,5.30,0.00,0.00,12.25,4.08,5.25,12.25,26.75
511,0.00,5.21,2.60,5.21,1.65,0.00,14.25,5.30,6.82,14.25,32.72
513,0.34,0.00,0.17,0.34,3.65,0.00,16.25,6.63,8.53,16.25,31.98
515,6.05,0.00,3.03,6.05,5.65,0.00,0.00,1.88,2.42,5.65,35.19
517,5.86,0.00,2.93,5.86,7.65,0.00,0.00,2.55,3.28,7.65,39.25
519,5.86,0.00,2.93,5.86,9.65,0.00,0.00,3.22,4.14,9.65,34.77
521,5.86,0.00,2.93,5.86,11.65,0.00,0.00,3.88,4.99,11.65,22.98
523,5.86,0.00,2.93,5.86,13.65,0.00,1.52,5.06,6.50,13.65,14.26
525,9.39,0.00,4.70,9.39,15.65,0.00,0.00,5.22,6.71,15.65,9.57
527,12.53,0.00,6.26,12.53,17.65,0.00,0.00,5.88,7.56,17.65,6.63
529,12.51,0.00,6.25,12.51,19.65,0.00,0.00,6.55,8.42,19.65,3.84
531,12.51,0.00,6.25,12.51,21.65,0.00,0.00,7.22,9.28,21.65,1.42
533,21.21,0.00,10.60,21.21,23.65,0.00,0.00,7.88,10.14,23.65,0.11
535,25.23,0.00,12.61,25.23,25.65,0.00,0.00,8.55,10.99,25.65,0.00
537,25.18,0.00,12.59,25.18,27.65,0.00,0.00,9.22,11.85,27.65,0.41
539,25.14,0.00,12.57,25.14,29.65,0.00,0.00,9.88,12.71,29.65,2.69
541,24.92,0.00,12.46,24.92,16.86,0.00,0.00,5.62,7.22,16.86,11.91
543,18.31,0.00,9.16,18.31,18.86,0.00,0.00,6.29,8.08,18.86,26.23
545,0.00,0.00,0.00,0.00,19.02,0.00,0.00,6.34,8.15,19.02,46.39
547,0.00,0.00,0.00,0.00,0.00,0.00,0.00,0.00,0.00,0.00,59.39
549,0.00,0.00,0.00,0.00,0.00,0.00,0.00,0.00,0.00,0.00,60.47
551,0.00,0.00,0.00,0.00,0.00,0.00,0.00,0.00,0.00,0.00,49.78
553,0.00,0.00,0.00,0.00,0.00,0.00,0.00,0.00,0.00,0.00,28.58
555,0.00,0.00,0.00,0.00,0.00,0.00,0.00,0.00,0.00,0.00,27.37
557,0.00,0.00,0.00,0.00,0.00,0.00,0.39,0.13,0.17,0.39,46.22
559,0.00,0.00,0.00,0.00,0.00,0.00,2.39,0.80,1.02,2.39,48.71
561,0.00,0.00,0.00,0.00,0.00,0.00,0.00,0.00,0.00,0.00,51.56
563,0.00,0.00,0.00,0.00,0.00,0.00,0.00,0.00,0.00,0.00,56.51
565,0.00,0.00,0.00,0.00,0.00,0.00,0.00,0.00,0.00,0.00,45.36
567,0.00,0.00,0.00,0.00,0.00,0.00,0.00,0.00,0.00,0.00,53.74
569,0.00,0.00,0.00,0.00,0.00,0.00,1.21,0.40,0.52,1.21,44.16
571,0.00,0.00,0.00,0.00,0.00,0.00,0.00,0.00,0.00,0.00,41.52
573,0.00,0.00,0.00,0.00,0.00,0.00,0.05,0.02,0.02,0.05,33.94
575,0.00,4.24,2.12,4.24,0.00,0.00,2.05,0.68,0.88,2.05,28.59
577,0.00,5.71,2.85,5.71,0.44,0.00,4.05,1.50,1.92,4.05,24.13
579,0.00,5.70,2.85,5.70,2.44,0.00,6.05,2.83,3.64,6.05,13.08
581,0.00,5.70,2.85,5.70,0.00,0.00,8.05,2.68,3.45,8.05,3.96
583,0.00,7.85,3.93,7.85,0.00,0.00,10.05,3.35,4.31,10.05,11.44
585,0.00,12.34,6.17,12.34,0.00,0.00,12.05,4.02,5.16,12.05,18.95
587,0.00,12.27,6.13,12.27,0.00,0.00,14.05,4.68,6.02,14.05,23.72
589,0.00,12.27,6.13,12.27,0.00,0.00,16.05,5.35,6.88,16.05,27.66
591,0.00,12.27,6.13,12.27,0.00,0.00,18.05,6.02,7.74,18.05,26.06
593,0.00,12.27,6.13,12.27,0.00,0.00,20.05,6.68,8.59,20.05,22.05
595,0.00,12.27,6.13,12.27,0.00,0.00,22.05,7.35,9.45,22.05,14.63
597,0.00,12.27,6.13,12.27,0.88,0.00,24.05,8.31,10.69,24.05,3.27
599,1.85,12.27,7.06,12.27,0.00,1.75,26.05,9.27,11.41,26.05,2.20
601,5.73,10.01,7.87,10.01,0.00,3.75,28.05,10.60,12.56,28.05,21.87
603,5.68,0.00,2.84,5.68,0.00,5.75,21.38,9.04,9.98,21.38,28.22
605,5.68,0.00,2.84,5.68,0.00,7.75,0.00,2.58,1.11,7.75,27.50
607,5.68,0.00,2.84,5.68,0.00,9.75,0.00,3.25,1.39,9.75,28.15
609,5.68,0.00,2.84,5.68,0.00,11.75,0.00,3.92,1.68,11.75,23.73
611,5.68,0.00,2.84,5.68,0.00,13.75,0.00,4.58,1.96,13.75,20.69
613,5.68,0.00,2.84,5.68,0.00,15.75,0.00,5.25,2.25,15.75,20.56
615,5.68,2.14,3.91,5.68,0.00,17.75,1.79,6.51,3.30,17.75,24.60
617,5.68,4.91,5.30,5.68,0.00,19.75,3.79,7.85,4.44,19.75,29.93
619,5.68,4.88,5.28,5.68,0.00,21.75,5.79,9.18,5.59,21.75,29.79
621,5.68,4.88,5.28,5.68,0.00,23.75,7.79,10.51,6.73,23.75,24.94
623,5.68,4.88,5.28,5.68,0.00,25.75,9.79,11.85,7.87,25.75,18.36
625,5.68,9.38,7.53,9.38,0.29,27.75,11.79,13.27,9.14,27.75,9.86
627,5.68,11.96,8.82,11.96,2.29,29.75,13.79,15.27,11.14,29.75,9.21
629,11.97,11.95,11.96,11.97,4.29,31.75,15.79,17.27,13.14,31.75,11.43
631,12.01,17.38,14.70,17.38,6.29,33.75,17.79,19.27,15.14,33.75,14.47
633,12.01,18.88,15.45,18.88,8.29,35.75,19.79,21.27,17.14,35.75,17.96
635,9.78,18.88,14.33,18.88,10.29,37.75,21.79,23.27,19.14,37.75,20.77
637,0.00,18.88,9.44,18.88,12.29,0.00,23.79,12.03,15.46,23.79,20.54
639,0.00,19.26,9.63,19.26,0.00,0.00,25.79,8.60,11.05,25.79,18.44
641,0.00,25.80,12.90,25.80,0.00,0.00,27.79,9.26,11.91,27.79,17.19
643,0.00,28.42,14.21,28.42,0.00,0.00,29.79,9.93,12.77,29.79,19.09
645,0.00,31.46,15.73,31.46,0.00,0.00,31.79,10.60,13.62,31.79,18.68
647,0.00,31.43,15.72,31.43,0.00,0.00,33.79,11.26,14.48,33.79,18.55
649,1.05,31.41,16.23,31.41,1.82,0.00,26.98,9.60,12.34,26.98,18.15
651,7.25,22.58,14.91,22.58,3.82,0.00,21.86,8.56,11.00,21.86,13.89
653,11.49,0.00,5.74,11.49,5.82,0.00,14.83,6.88,8.85,14.83,14.86
655,11.43,0.00,5.71,11.43,7.82,0.00,11.32,6.38,8.20,11.32,11.45
657,17.44,0.00,8.72,17.44,9.82,0.00,13.32,7.71,9.91,13.32,13.50
659,17.80,0.00,8.90,17.80,11.82,0.00,87.07,32.96,42.38,87.07,15.61
661,17.80,0.00,8.90,17.80,13.82,0.00,89.07,34.30,44.10,89.07,12.97
663,17.80,0.00,8.90,17.80,15.82,0.00,91.07,35.63,45.81,91.07,7.43
665,17.80,0.00,8.90,17.80,17.82,0.00,93.07,36.96,47.52,93.07,2.65
667,17.80,0.63,9.21,17.80,19.82,0.00,95.07,38.30,49.24,95.07,0.24
669,17.80,5.69,11.74,17.80,21.82,0.00,97.07,39.63,50.95,97.07,0.00
671,17.80,5.53,11.66,17.80,23.82,0.00,99.07,40.96,52.67,99.07,0.96
673,17.78,5.53,11.65,17.78,25.82,0.00,101.07,42.30,54.38,101.07,17.51
675,7.64,5.53,6.59,7.64,26.86,0.00,103.07,43.31,55.68,103.07,26.60
677,0.00,5.53,2.76,5.53,21.57,0.00,105.07,42.21,54.27,105.07,32.53
679,0.00,5.53,2.76,5.53,0.00,0.00,107.07,35.69,45.89,107.07,39.00
681,0.00,5.53,2.76,5.53,0.00,0.00,109.07,36.36,46.75,109.07,41.44
683,0.00,5.53,2.76,5.53,0.00,0.00,111.07,37.02,47.60,111.07,42.41
685,0.00,5.53,2.76,5.53,0.00,1.75,113.07,38.27,48.71,113.07,37.05
687,0.00,5.53,2.76,5.53,0.00,0.00,115.07,38.36,49.32,115.07,32.38
689,0.00,5.53,2.76,5.53,0.93,0.00,117.07,39.33,50.57,117.07,28.19
691,0.00,5.53,2.76,5.53,0.65,1.81,119.07,40.51,51.57,119.07,26.53
693,3.20,5.44,4.32,5.44,2.65,0.00,121.07,41.24,53.02,121.07,30.25
695,5.03,0.24,2.64,5.03,4.65,0.00,123.07,42.57,54.74,123.07,23.45
697,5.03,0.00,2.52,5.03,6.65,0.93,0.00,2.53,2.98,6.65,23.32
699,7.20,0.00,3.60,7.20,8.65,2.93,0.00,3.86,4.13,8.65,24.17
701,10.71,0.00,5.36,10.71,10.65,4.93,0.00,5.19,5.27,10.65,23.57
703,10.66,0.00,5.33,10.66,12.65,6.93,0.77,6.79,6.74,12.65,16.81
705,10.66,1.68,6.17,10.66,14.65,8.93,2.77,8.79,8.74,14.65,11.73
707,10.66,4.40,7.53,10.66,16.65,10.93,4.77,10.79,10.74,16.65,6.22
709,10.66,4.37,7.51,10.66,18.65,12.93,6.77,12.79,12.74,18.65,1.76
711,10.66,6.97,8.81,10.66,20.65,14.93,8.77,14.79,14.74,20.65,6.91
713,10.66,11.31,10.98,11.31,22.65,16.93,10.77,16.79,16.74,22.65,9.61
715,10.66,11.26,10.96,11.26,24.65,18.93,12.77,18.79,18.74,24.65,11.98
717,10.66,11.26,10.96,11.26,26.65,20.93,14.77,20.79,20.74,26.65,15.69
719,9.66,11.26,10.46,11.26,28.65,22.93,16.77,22.79,22.74,28.65,17.47
721,5.89,11.26,8.57,11.26,0.00,24.93,18.77,14.57,11.61,24.93,18.05
723,4.73,11.26,7.99,11.26,0.49,26.93,20.77,16.07,12.96,26.93,18.59
725,7.04,11.26,9.15,11.26,2.49,28.93,22.77,18.07,14.96,28.93,21.47
727,10.84,11.26,11.05,11.26,4.49,30.93,24.77,20.07,16.96,30.93,20.73
729,10.78,11.26,11.02,11.26,6.49,32.93,26.77,22.07,18.96,32.93,21.52
731,7.25,11.26,9.25,11.26,8.49,34.93,28.77,24.07,20.96,34.93,18.43
733,0.00,15.68,7.84,15.68,10.49,0.00,30.77,13.76,17.69,30.77,10.68
735,0.00,17.70,8.85,17.70,0.74,0.00,32.77,11.17,14.36,32.77,2.37
737,0.00,19.20,9.60,19.20,0.00,0.00,34.77,11.59,14.90,34.77,1.64
739,0.00,24.66,12.33,24.66,0.00,0.00,36.77,12.26,15.76,36.77,10.73
741,0.00,24.03,12.01,24.03,0.00,0.00,31.38,10.46,13.45,31.38,24.52
743,0.00,0.00,0.00,0.00,0.00,0.00,12.09,4.03,5.18,12.09,30.24
745,0.00,0.00,0.00,0.00,0.00,0.00,8.44,2.81,3.62,8.44,28.83
747,0.00,5.16,2.58,5.16,0.00,0.00,10.44,3.48,4.47,10.44,30.75
749,0.00,5.44,2.72,5.44,0.00,0.00,12.44,4.15,5.33,12.44,21.96
751,0.00,5.44,2.72,5.44,0.00,0.00,14.44,4.81,6.19,14.44,11.16
753,0.00,5.44,2.72,5.44,0.00,0.00,16.44,5.48,7.04,16.44,2.74
755,0.00,8.69,4.35,8.69,0.00,0.00,18.44,6.15,7.90,18.44,0.00
757,0.00,11.49,5.74,11.49,0.00,0.00,20.44,6.81,8.76,20.44,0.00
759,0.00,11.46,5.73,11.46,0.00,0.00,22.44,7.48,9.62,22.44,0.00
761,0.00,11.46,5.73,11.46,0.00,0.00,24.44,8.15,10.47,24.44,0.00
763,0.00,11.46,5.73,11.46,0.00,0.00,26.44,8.81,11.33,26.44,0.00
765,0.00,11.46,5.73,11.46,0.00,0.00,28.44,9.48,12.19,28.44,0.00
767,0.00,11.46,5.73,11.46,0.00,0.00,30.44,10.15,13.04,30.44,0.00
769,0.00,11.46,5.73,11.46,0.00,0.00,32.44,10.81,13.90,32.44,13.75
771,0.00,11.46,5.73,11.46,0.00,0.00,34.44,11.48,14.76,34.44,17.26
773,0.00,11.46,5.73,11.46,0.00,0.00,36.44,12.15,15.62,36.44,28.37
775,0.00,11.46,5.73,11.46,0.00,0.00,38.44,12.81,16.47,38.44,41.04
777,0.00,8.76,4.38,8.76,0.00,0.00,40.44,13.48,17.33,40.44,43.11
779,0.00,0.00,0.00,0.00,0.00,0.00,26.91,8.97,11.53,26.91,45.84
781,0.00,0.00,0.00,0.00,0.58,0.00,0.00,0.19,0.25,0.58,40.42
783,3.82,0.00,1.91,3.82,2.58,0.00,0.00,0.86,1.11,2.58,30.50
785,5.95,0.00,2.97,5.95,4.58,0.00,0.00,1.53,1.96,4.58,19.74
787,5.93,5.34,5.64,5.93,6.58,0.00,1.88,2.82,3.63,6.58,13.91
789,5.93,7.65,6.79,7.65,8.58,0.00,3.88,4.15,5.34,8.58,11.79
791,5.93,16.93,11.43,16.93,10.58,0.00,5.88,5.49,7.05,10.58,11.48
793,5.89,17.60,11.74,17.60,12.58,0.00,7.88,6.82,8.77,12.58,9.10
795,1.31,17.60,9.45,17.60,14.58,0.00,9.88,8.15,10.48,14.58,4.10
797,0.00,17.60,8.80,17.60,0.00,0.00,11.88,3.96,5.09,11.88,0.68
799,0.00,22.53,11.26,22.53,0.00,1.32,13.88,5.07,6.14,13.88,0.00
801,0.00,23.86,11.93,23.86,0.00,3.32,15.88,6.40,7.28,15.88,0.00
803,0.00,23.86,11.93,23.86,0.00,5.32,17.88,7.73,8.42,17.88,0.00
805,0.00,23.86,11.93,23.86,0.00,7.32,19.88,9.07,9.57,19.88,6.94
807,0.00,23.86,11.93,23.86,0.00,9.32,21.88,10.40,10.71,21.88,9.08
809,0.00,23.86,11.93,23.86,0.00,11.32,23.88,11.73,11.85,23.88,10.95
811,0.00,23.86,11.93,23.86,0.00,13.32,25.88,13.07,12.99,25.88,11.87
813,0.00,23.86,11.93,23.86,0.00,15.32,27.88,14.40,14.14,27.88,7.90
815,0.00,23.86,11.93,23.86,0.00,17.32,29.88,15.73,15.28,29.88,3.61
817,0.00,23.86,11.93,23.86,0.00,19.32,31.88,17.07,16.42,31.88,0.63
819,0.00,28.70,14.35,28.70,0.00,21.32,33.88,18.40,17.57,33.88,1.61
821,0.00,30.44,15.22,30.44,0.00,23.32,35.88,19.73,18.71,35.88,6.11
823,0.00,30.38,15.19,30.38,0.00,25.32,36.33,20.55,19.19,36.33,14.87
825,0.00,21.77,10.88,21.77,0.00,27.32,36.12,21.15,19.38,36.12,26.62
827,0.00,0.00,0.00,0.00,0.00,29.32,30.46,19.93,17.24,30.46,31.72
829,0.00,0.00,0.00,0.00,0.00,31.32,10.77,14.03,9.09,31.32,31.83
831,0.00,5.54,2.77,5.54,0.00,33.32,12.77,15.36,10.23,33.32,36.23
833,0.00,5.30,2.65,5.30,0.00,35.32,14.77,16.69,11.37,35.32,35.92
835,0.00,5.30,2.65,5.30,0.00,37.32,16.77,18.03,12.52,37.32,31.90
837,0.00,5.30,2.65,5.30,0.00,39.32,18.77,19.36,13.66,39.32,21.87
839,0.00,5.30,2.65,5.30,2.00,41.32,20.77,21.36,15.66,41.32,19.85
841,0.00,5.30,2.65,5.30,4.00,43.32,22.77,23.36,17.66,43.32,7.70
843,0.00,5.30,2.65,5.30,6.05,45.32,24.77,25.38,19.68,45.32,4.87
845,0.83,5.30,3.06,5.30,0.00,47.32,26.77,24.69,18.23,47.32,0.50
847,4.86,5.30,5.08,5.30,0.00,49.32,28.77,26.03,19.37,49.32,0.00
849,4.69,5.30,4.99,5.30,0.00,51.32,30.77,27.36,20.52,51.32,0.00
851,4.69,5.30,4.99,5.30,0.00,53.32,32.77,28.69,21.66,53.32,19.16
853,4.69,5.30,4.99,5.30,0.00,55.32,34.77,30.03,22.80,55.32,23.97
855,4.61,5.30,4.95,5.30,0.00,57.32,36.77,31.36,23.94,57.32,34.74
857,0.39,5.30,2.85,5.30,0.00,59.32,38.77,32.69,25.09,59.32,37.52
859,0.00,5.30,2.65,5.30,0.00,,40.77,,,,36.24
861,0.00,5.30,2.65,5.30,0.78,,42.77,,,,30.14
863,0.00,5.30,2.65,5.30,2.78,,44.77,,,,24.64
865,0.00,5.22,2.61,5.22,0.00,,46.77,,,,43.57
867,0.00,0.00,0.00,0.00,0.00,,48.77,,,,49.33
869,0.00,0.00,0.00,0.00,0.00,,6.28,,,,35.88
871,0.00,0.00,0.00,0.00,0.93,,0.00,,,,29.20
873,4.12,0.00,2.06,4.12,2.93,,0.00,,,,24.68
875,5.14,0.00,2.57,5.14,4.93,,0.00,,,,21.89
877,7.40,0.00,3.70,7.40,6.93,,0.00,,,,16.26
879,11.10,0.00,5.55,11.10,8.93,,0.00,,,,8.88
881,11.05,0.00,5.52,11.05,10.93,,0.00,,,,2.81
883,12.87,0.00,6.43,12.87,12.93,,0.00,,,,0.19
885,17.78,0.00,8.89,17.78,14.93,,0.00,,,,0.00
887,17.69,0.00,8.84,17.69,16.93,,0.00,,,,3.22
889,17.58,0.00,8.79,17.58,18.93,,0.00,,,,25.30
891,5.66,0.00,2.83,5.66,14.09,,0.00,,,,34.90
893,0.00,0.00,0.00,0.00,12.36,,0.00,,,,49.00
895,0.00,0.00,0.00,0.00,0.00,,0.00,,,,55.42
897,0.00,0.00,0.00,0.00,0.00,,0.00,,,,50.63
899,0.00,0.00,0.00,0.00,0.00,,0.00,,,,40.04
901,0.00,0.00,0.00,0.00,0.00,,0.00,,,,25.79
903,0.00,2.35,1.17,2.35,0.00,,0.90,,,,16.81
905,0.00,5.39,2.70,5.39,0.51,,2.90,,,,10.80
907,0.00,5.35,2.68,5.35,2.51,,4.90,,,,0.00
909,0.00,5.35,2.68,5.35,0.00,,6.90,,,,0.00
911,0.00,5.35,2.68,5.35,0.00,,8.90,,,,0.00
913,0.00,5.26,2.63,5.26,0.00,,10.90,,,,60.00
915,0.00,0.00,0.00,0.00,0.00,,12.90,,,,60.00
917,0.00,0.00,0.00,0.00,0.00,,0.00,,,,60.00
919,0.00,0.00,0.00,0.00,0.00,,0.00,,,,60.00
921,0.00,0.00,0.00,0.00,0.00,,0.00,,,,60.00
923,0.00,0.00,0.00,0.00,0.00,,0.00,,,,60.00
925,0.00,0.00,0.00,0.00,0.00,,0.00,,,,33.81
927,0.00,0.00,0.00,0.00,0.00,,0.00,,,,39.27
929,0.00,0.00,0.00,0.00,0.00,,0.00,,,,49.30
931,0.00,0.00,0.00,0.00,0.00,,0.00,,,,57.07
933,0.00,0.00,0.00,0.00,0.00,,0.00,,,,48.71
935,0.00,0.00,0.00,0.00,0.00,,0.00,,,,42.34
937,0.00,0.00,0.00,0.00,0.00,,0.00,,,,37.08
939,0.00,1.04,0.52,1.04,0.00,,1.51,,,,30.73
941,0.00,5.33,2.66,5.33,0.00,,3.51,,,,24.64
943,0.00,10.91,5.46,10.91,0.00,,5.51,,,,16.35
945,0.00,10.74,5.37,10.74,0.00,,7.51,,,,9.46
947,0.00,16.43,8.22,16.43,0.00,,9.51,,,,0.00
949,0.00,18.01,9.00,18.01,1.01,,11.51,,,,0.00
951,0.00,18.01,9.00,18.01,0.00,,13.51,,,,0.00
953,0.00,18.01,9.00,18.01,0.00,,15.51,,,,7.24
955,0.00,18.01,9.00,18.01,0.00,,17.51,,,,16.97
957,0.00,17.96,8.98,17.96,0.00,,19.51,,,,30.48
959,0.00,5.94,2.97,5.94,0.00,,19.57,,,,37.02
961,0.00,0.00,0.00,0.00,0.00,,16.35,,,,50.41
963,0.00,0.00,0.00,0.00,0.00,,,,,,48.21
965,0.00,0.00,0.00,0.00,0.00,,,,,,42.27
967,0.00,0.00,0.00,0.00,0.52,,,,,,28.04
969,4.31,0.00,2.16,4.31,2.52,,,,,,13.40
971,5.05,1.40,3.22,5.05,4.52,,,,,,4.15
973,5.05,5.36,5.21,5.36,6.52,,,,,,0.39
975,5.05,11.25,8.15,11.25,8.52,,,,,,0.00
977,4.98,11.03,8.01,11.03,10.52,,,,,,0.00
979,0.64,11.03,5.84,11.03,12.52,,,,,,0.00
981,0.00,11.03,5.52,11.03,,,,,,,0.00
983,0.00,11.03,5.52,11.03,,,,,,,0.00
985,0.00,11.03,5.52,11.03,,,,,,,0.00
987,0.00,11.03,5.52,11.03,,,,,,,13.23
989,0.00,11.03,5.52,11.03,,,,,,,16.42
991,0.00,11.03,5.52,11.03,,,,,,,18.66
993,0.00,11.03,5.52,11.03,,,,,,,17.86
995,0.00,11.03,5.52,11.03,,,,,,,13.81
997,0.00,11.03,5.52,11.03,,,,,,,9.77
999,0.00,11.03,5.52,11.03,,,,,,,1.07
1001,3.34,11.03,7.19,11.03,,,,,,,1.40
